1 0
0.999225 -0.000269768
0.996784 -0.000644444
0.994348 -0.00101764
0.991918 -0.0013894
0.989493 -0.00175973
0.987074 -0.00212869
0.984659 -0.00249629
0.98225 -0.00286258
0.979847 -0.00322757
0.977447 -0.00359131
0.975053 -0.00395381
0.972663 -0.00431513
0.970278 -0.00467528
0.967897 -0.00503429
0.965521 -0.00539221
0.963149 -0.00574906
0.96078 -0.00610486
0.958416 -0.00645966
0.956055 -0.00681349
0.953698 -0.00716637
0.951345 -0.00751833
0.948995 -0.00786942
0.946648 -0.00821965
0.944305 -0.00856906
0.941965 -0.00891769
0.939627 -0.00926556
0.937293 -0.0096127
0.934961 -0.00995915
0.932632 -0.0103049
0.930305 -0.0106501
0.927981 -0.0109946
0.925658 -0.0113386
0.923338 -0.0116821
0.92102 -0.012025
0.918704 -0.0123675
0.91639 -0.0127095
0.914077 -0.0130511
0.911766 -0.0133924
0.909456 -0.0137332
0.907147 -0.0140738
0.90484 -0.0144141
0.902534 -0.0147541
0.900228 -0.0150939
0.897923 -0.0154335
0.895619 -0.0157729
0.893316 -0.0161122
0.891013 -0.0164514
0.88871 -0.0167906
0.886408 -0.0171297
0.884105 -0.0174688
0.881803 -0.0178079
0.8795 -0.0181471
0.877197 -0.0184864
0.874894 -0.0188258
0.87259 -0.0191653
0.870286 -0.0195051
0.867981 -0.019845
0.865675 -0.0201852
0.863367 -0.0205257
0.861059 -0.0208664
0.85875 -0.0212075
0.856439 -0.021549
0.854127 -0.0218909
0.851813 -0.0222331
0.849499 -0.0225756
0.847183 -0.0229184
0.844866 -0.0232616
0.842547 -0.023605
0.840228 -0.0239487
0.837908 -0.0242927
0.835587 -0.0246369
0.833264 -0.0249814
0.830941 -0.0253261
0.828617 -0.0256709
0.826292 -0.026016
0.823967 -0.0263613
0.82164 -0.0267067
0.819313 -0.0270523
0.816986 -0.027398
0.814657 -0.0277438
0.812329 -0.0280897
0.809999 -0.0284357
0.80767 -0.0287818
0.805339 -0.029128
0.803009 -0.0294742
0.800678 -0.0298205
0.798347 -0.0301668
0.796015 -0.030513
0.793684 -0.0308593
0.791352 -0.0312056
0.78902 -0.0315518
0.786688 -0.031898
0.784356 -0.0322441
0.782024 -0.0325901
0.779692 -0.0329361
0.77736 -0.0332819
0.775028 -0.0336276
0.772696 -0.0339732
0.770365 -0.0343186
0.768034 -0.0346639
0.765703 -0.035009
0.763373 -0.0353539
0.761043 -0.0356986
0.758713 -0.0360431
0.756384 -0.0363874
0.754056 -0.0367314
0.751728 -0.0370751
0.7494 -0.0374186
0.747074 -0.0377618
0.744748 -0.0381046
0.742423 -0.0384472
0.740098 -0.0387894
0.737775 -0.0391313
0.735452 -0.0394728
0.73313 -0.039814
0.73081 -0.0401547
0.72849 -0.0404951
0.726171 -0.040835
0.723853 -0.0411746
0.721537 -0.0415136
0.719222 -0.0418522
0.716908 -0.0421904
0.714595 -0.042528
0.712283 -0.0428651
0.709973 -0.0432018
0.707664 -0.0435378
0.705356 -0.0438733
0.703048 -0.0442082
0.700742 -0.0445424
0.698437 -0.044876
0.696133 -0.045209
0.693829 -0.0455412
0.691527 -0.0458728
0.689225 -0.0462036
0.686923 -0.0465337
0.684623 -0.046863
0.682322 -0.0471914
0.680023 -0.0475191
0.677723 -0.0478459
0.675425 -0.0481718
0.673126 -0.0484969
0.670828 -0.048821
0.66853 -0.0491442
0.666232 -0.0494665
0.663935 -0.0497877
0.661637 -0.050108
0.65934 -0.0504272
0.657042 -0.0507454
0.654745 -0.0510625
0.652447 -0.0513785
0.650149 -0.0516934
0.647851 -0.0520072
0.645553 -0.0523198
0.643254 -0.0526312
0.640955 -0.0529414
0.638655 -0.0532503
0.636355 -0.0535581
0.634054 -0.0538645
0.631753 -0.0541697
0.629451 -0.0544735
0.627149 -0.054776
0.624846 -0.0550771
0.622541 -0.0553768
0.620236 -0.0556751
0.617931 -0.055972
0.615624 -0.0562675
0.613316 -0.0565614
0.611007 -0.0568539
0.608697 -0.0571448
0.606385 -0.0574342
0.604073 -0.057722
0.601759 -0.0580083
0.599444 -0.0582929
0.597128 -0.0585759
0.59481 -0.0588572
0.59249 -0.0591368
0.590169 -0.0594148
0.587847 -0.059691
0.585522 -0.0599654
0.583197 -0.0602381
0.580869 -0.060509
0.578539 -0.0607781
0.576208 -0.0610454
0.573875 -0.0613108
0.57154 -0.0615743
0.569203 -0.0618358
0.566864 -0.0620955
0.564524 -0.0623532
0.562182 -0.062609
0.559839 -0.0628628
0.557494 -0.0631145
0.555149 -0.0633642
0.552802 -0.0636119
0.550454 -0.0638575
0.548105 -0.064101
0.545755 -0.0643423
0.543404 -0.0645815
0.541052 -0.0648186
0.5387 -0.0650535
0.536347 -0.0652861
0.533994 -0.0655166
0.531641 -0.0657448
0.529287 -0.0659707
0.526933 -0.0661943
0.524579 -0.0664156
0.522225 -0.0666346
0.51987 -0.0668512
0.517516 -0.0670654
0.515163 -0.0672773
0.512809 -0.0674867
0.510456 -0.0676937
0.508104 -0.0678982
0.505752 -0.0681002
0.5034 -0.0682997
0.50105 -0.0684967
0.4987 -0.0686911
0.496352 -0.0688829
0.494004 -0.0690722
0.491657 -0.0692588
0.489312 -0.0694428
0.486968 -0.0696242
0.484625 -0.0698028
0.482284 -0.0699788
0.479944 -0.070152
0.477606 -0.0703225
0.47527 -0.0704902
0.472935 -0.0706552
0.470602 -0.0708173
0.468272 -0.0709766
0.465943 -0.071133
0.463617 -0.0712866
0.461293 -0.0714372
0.458971 -0.071585
0.456651 -0.0717298
0.454335 -0.0718716
0.45202 -0.0720105
0.449709 -0.0721463
0.4474 -0.0722791
0.445094 -0.0724089
0.442791 -0.0725356
0.440491 -0.0726592
0.438194 -0.0727797
0.435901 -0.0728971
0.43361 -0.0730113
0.431323 -0.0731223
0.42904 -0.0732302
0.42676 -0.0733348
0.424482 -0.0734362
0.422208 -0.0735344
0.419936 -0.0736293
0.417666 -0.073721
0.415399 -0.0738095
0.413135 -0.0738946
0.410872 -0.0739765
0.408611 -0.074055
0.406351 -0.0741302
0.404094 -0.0742022
0.401837 -0.0742707
0.399582 -0.074336
0.397328 -0.0743978
0.395074 -0.0744563
0.392821 -0.0745114
0.390569 -0.0745631
0.388317 -0.0746114
0.386065 -0.0746563
0.383814 -0.0746977
0.381562 -0.0747357
0.37931 -0.0747703
0.377057 -0.0748014
0.374804 -0.0748289
0.372549 -0.074853
0.370294 -0.0748736
0.368038 -0.0748907
0.36578 -0.0749042
0.363521 -0.0749142
0.36126 -0.0749207
0.358998 -0.0749236
0.356733 -0.0749229
0.354466 -0.0749186
0.352197 -0.0749107
0.349925 -0.0748992
0.347651 -0.0748841
0.345374 -0.0748653
0.343094 -0.0748429
0.340811 -0.0748168
0.338524 -0.0747871
0.336234 -0.0747537
0.333941 -0.0747165
0.331643 -0.0746757
0.329342 -0.0746312
0.327036 -0.0745829
0.324726 -0.0745308
0.322411 -0.074475
0.320092 -0.0744155
0.317768 -0.0743521
0.315439 -0.074285
0.313105 -0.074214
0.310766 -0.0741393
0.308421 -0.0740607
0.30607 -0.0739783
0.303714 -0.073892
0.301352 -0.0738018
0.298983 -0.0737078
0.296608 -0.0736099
0.294227 -0.0735081
0.291839 -0.0734024
0.289444 -0.0732927
0.287044 -0.0731792
0.284637 -0.0730617
0.282225 -0.0729402
0.279808 -0.0728149
0.277386 -0.0726856
0.27496 -0.0725523
0.27253 -0.0724151
0.270096 -0.072274
0.267659 -0.0721289
0.265219 -0.0719798
0.262777 -0.0718268
0.260332 -0.0716699
0.257886 -0.0715089
0.255438 -0.071344
0.25299 -0.0711751
0.250541 -0.0710023
0.248091 -0.0708254
0.245642 -0.0706446
0.243193 -0.0704598
0.240745 -0.070271
0.238299 -0.0700782
0.235854 -0.0698814
0.233411 -0.0696806
0.23097 -0.0694758
0.228532 -0.069267
0.226097 -0.0690542
0.223666 -0.0688373
0.221238 -0.0686165
0.218815 -0.0683916
0.216397 -0.0681627
0.213983 -0.0679298
0.211575 -0.0676928
0.209172 -0.0674518
0.206776 -0.0672068
0.204386 -0.0669577
0.202002 -0.0667045
0.199626 -0.0664474
0.197258 -0.0661861
0.194898 -0.0659208
0.192545 -0.0656515
0.190202 -0.0653781
0.187868 -0.0651006
0.185543 -0.064819
0.183228 -0.0645334
0.180923 -0.0642437
0.178629 -0.0639499
0.176346 -0.063652
0.174074 -0.06335
0.171813 -0.063044
0.169565 -0.0627338
0.167329 -0.0624196
0.165106 -0.0621012
0.162896 -0.0617787
0.1607 -0.0614522
0.158518 -0.0611215
0.15635 -0.0607867
0.154196 -0.0604478
0.152058 -0.0601047
0.149935 -0.0597575
0.147828 -0.0594062
0.145737 -0.0590508
0.143662 -0.0586915
0.141603 -0.0583283
0.13956 -0.0579615
0.137533 -0.0575911
0.135522 -0.0572173
0.133527 -0.0568402
0.131549 -0.05646
0.129586 -0.0560767
0.12764 -0.0556906
0.12571 -0.0553018
0.123795 -0.0549103
0.121897 -0.0545164
0.120016 -0.0541201
0.11815 -0.0537216
0.1163 -0.0533211
0.114467 -0.0529186
0.11265 -0.0525144
0.110849 -0.0521084
0.109064 -0.051701
0.107295 -0.0512921
0.105542 -0.050882
0.103806 -0.0504708
0.102086 -0.0500586
0.100382 -0.0496455
0.0986948 -0.0492317
0.0970234 -0.0488173
0.0953683 -0.0484025
0.0937295 -0.0479874
0.0921069 -0.047572
0.0905006 -0.0471567
0.0889105 -0.0467414
0.0873368 -0.0463263
0.0857793 -0.0459116
0.0842382 -0.0454974
0.0827133 -0.0450839
0.0812048 -0.0446711
0.0797126 -0.0442591
0.0782367 -0.0438483
0.0767772 -0.0434385
0.075334 -0.0430301
0.0739072 -0.0426232
0.0724967 -0.0422178
0.0711026 -0.0418141
0.0697249 -0.0414122
0.0683636 -0.0410123
0.0670187 -0.0406146
0.0656901 -0.040219
0.064378 -0.0398259
0.0630823 -0.0394353
0.061803 -0.0390473
0.0605402 -0.0386621
0.0592938 -0.0382798
0.0580638 -0.0379006
0.0568503 -0.0375246
0.0556532 -0.0371519
0.0544727 -0.0367826
0.0533086 -0.0364169
0.052161 -0.036055
0.0510298 -0.035697
0.0499152 -0.0353429
0.0488171 -0.0349929
0.0477353 -0.0346468
0.0466698 -0.0343046
0.0456203 -0.0339661
0.0445869 -0.0336313
0.0435694 -0.0332999
0.0425677 -0.0329719
0.0415816 -0.0326472
0.0406111 -0.0323256
0.0396559 -0.032007
0.0387161 -0.0316914
0.0377914 -0.0313785
0.0368819 -0.0310684
0.0359872 -0.0307608
0.0351074 -0.0304557
0.0342423 -0.0301529
0.0333918 -0.0298523
0.0325558 -0.0295538
0.0317341 -0.0292573
0.0309267 -0.0289627
0.0301333 -0.0286698
0.029354 -0.0283786
0.0285886 -0.0280888
0.0278369 -0.0278005
0.0270989 -0.0275135
0.0263744 -0.0272277
0.0256633 -0.0269429
0.0249655 -0.0266591
0.0242809 -0.026376
0.0236094 -0.0260937
0.0229507 -0.025812
0.022305 -0.0255308
0.0216719 -0.0252499
0.0210514 -0.0249693
0.0204433 -0.0246888
0.0198476 -0.0244083
0.0192642 -0.0241277
0.0186928 -0.0238468
0.0181335 -0.0235657
0.017586 -0.0232841
0.0170503 -0.0230019
0.0165262 -0.0227191
0.0160137 -0.0224354
0.0155125 -0.0221508
0.0150226 -0.0218652
0.014544 -0.0215785
0.0140763 -0.0212905
0.0136196 -0.0210011
0.0131737 -0.0207102
0.0127385 -0.0204177
0.0123139 -0.0201234
0.0118997 -0.0198273
0.0114959 -0.0195293
0.0111023 -0.0192292
0.0107188 -0.0189268
0.0103453 -0.0186222
0.0099817 -0.0183152
0.00962782 -0.0180056
0.00928357 -0.0176933
0.00894884 -0.0173783
0.00862351 -0.0170604
0.00830747 -0.0167395
0.0080006 -0.0164158
0.00770283 -0.0160892
0.00741405 -0.0157599
0.00713417 -0.0154281
0.00686309 -0.0150937
0.00660072 -0.0147569
0.00634695 -0.0144178
0.0061017 -0.0140765
0.00586486 -0.013733
0.00563634 -0.0133875
0.00541604 -0.01304
0.00520387 -0.0126907
0.00499973 -0.0123396
0.00480352 -0.0119869
0.00461516 -0.0116325
0.00443453 -0.0112768
0.00426155 -0.0109196
0.00409613 -0.0105611
0.00393815 -0.0102015
0.00378753 -0.00984074
0.00364417 -0.00947899
0.00350798 -0.00911633
0.00337885 -0.00875285
0.00325669 -0.00838866
0.00314142 -0.00802383
0.00303292 -0.00765847
0.0029311 -0.00729267
0.00283587 -0.00692653
0.00274713 -0.00656013
0.00266478 -0.00619358
0.00258874 -0.00582697
0.00251889 -0.00546039
0.00245515 -0.00509393
0.00239742 -0.0047277
0.0023456 -0.00436177
0.0022996 -0.00399626
0.00225932 -0.00363125
0.00222467 -0.00326684
0.00219554 -0.00290312
0.00217184 -0.00254019
0.00215348 -0.00217813
0.00214036 -0.00181705
0.00213238 -0.00145704
0.00212945 -0.00109819
0.00213147 -0.000740592
0.00213834 -0.000384349
0.00214997 -2.95511e-05
0.00216626 0.000323708
0.00218712 0.000675333
0.00221244 0.00102523
0.00224214 0.00137331
0.00227612 0.00171947
0.00231427 0.00206362
0.00235651 0.00240566
0.00240274 0.00274551
0.00245286 0.00308306
0.00250677 0.00341823
0.00256439 0.00375091
0.0026256 0.00408102
0.00269032 0.00440846
0.00275849 0.00473316
0.00283021 0.00505519
0.00290559 0.00537461
0.00298477 0.00569152
0.00306789 0.006006
0.00315506 0.00631814
0.00324643 0.006628
0.00334213 0.00693569
0.00344227 0.00724127
0.003547 0.00754484
0.00365645 0.00784648
0.00377074 0.00814626
0.00389 0.00844429
0.00401437 0.00874062
0.00414398 0.00903536
0.00427895 0.00932858
0.00441942 0.00962037
0.00456551 0.0099108
0.00471736 0.0102
0.0048751 0.010488
0.00503886 0.0107748
0.00520877 0.0110607
0.00538495 0.0113456
0.00556755 0.0116297
0.00575668 0.011913
0.00595248 0.0121956
0.00615509 0.0124776
0.00636463 0.0127591
0.00658122 0.0130402
0.00680501 0.0133209
0.00703612 0.0136014
0.00727469 0.0138816
0.00752083 0.0141618
0.00777469 0.0144419
0.00803639 0.0147221
0.00830607 0.0150024
0.00858385 0.015283
0.00886987 0.0155639
0.00916425 0.0158451
0.00946713 0.0161269
0.00977863 0.0164092
0.0100989 0.0166921
0.010428 0.0169758
0.0107662 0.0172603
0.0111135 0.0175457
0.0114701 0.0178321
0.0118361 0.0181195
0.0122116 0.0184081
0.0125968 0.0186979
0.0129918 0.018989
0.0133968 0.0192814
0.0138118 0.0195754
0.014237 0.0198709
0.0146725 0.0201681
0.0151184 0.020467
0.015575 0.0207677
0.0160422 0.0210703
0.0165203 0.0213749
0.0170094 0.0216815
0.0175096 0.0219903
0.018021 0.0223013
0.0185437 0.0226145
0.019078 0.0229301
0.019624 0.0232479
0.0201818 0.023568
0.0207516 0.0238902
0.0213335 0.0242145
0.0219277 0.024541
0.0225344 0.0248696
0.0231537 0.0252001
0.0237858 0.0255327
0.0244308 0.0258673
0.0250889 0.0262038
0.0257602 0.0265422
0.0264449 0.0268825
0.0271432 0.0272245
0.0278552 0.0275684
0.028581 0.0279141
0.0293209 0.0282615
0.030075 0.0286105
0.0308433 0.0289612
0.0316262 0.0293136
0.0324238 0.0296675
0.0332361 0.030023
0.0340634 0.03038
0.0349058 0.0307385
0.0357635 0.0310984
0.0366366 0.0314597
0.0375253 0.0318224
0.0384298 0.0321865
0.0393501 0.0325518
0.0402866 0.0329184
0.0412392 0.0332863
0.0422082 0.0336554
0.0431937 0.0340256
0.0441959 0.0343969
0.045215 0.0347694
0.046251 0.0351429
0.0473042 0.0355175
0.0483748 0.035893
0.0494627 0.0362695
0.0505683 0.0366469
0.0516917 0.0370252
0.0528331 0.0374043
0.0539925 0.0377843
0.0551701 0.0381651
0.0563662 0.0385466
0.0575808 0.0389288
0.0588142 0.0393116
0.0600664 0.0396952
0.0613377 0.0400793
0.0626282 0.040464
0.063938 0.0408492
0.0652673 0.041235
0.0666162 0.0416212
0.067985 0.0420078
0.0693737 0.0423949
0.0707826 0.0427823
0.0722118 0.04317
0.0736614 0.043558
0.0751316 0.0439463
0.0766225 0.0443348
0.0781344 0.0447234
0.0796669 0.0451123
0.08122 0.0455011
0.0827933 0.04589
0.0843865 0.0462787
0.0859994 0.0466674
0.0876318 0.0470558
0.0892833 0.0474439
0.0909537 0.0478317
0.0926428 0.048219
0.0943502 0.0486059
0.0960758 0.0489922
0.0978192 0.0493778
0.0995802 0.0497628
0.101359 0.050147
0.103154 0.0505304
0.104966 0.0509129
0.106795 0.0512944
0.10864 0.0516748
0.110501 0.0520542
0.112378 0.0524324
0.11427 0.0528093
0.116178 0.053185
0.1181 0.0535592
0.120037 0.053932
0.121989 0.0543033
0.123955 0.054673
0.125934 0.055041
0.127928 0.0554073
0.129935 0.0557718
0.131954 0.0561345
0.133987 0.0564952
0.136033 0.056854
0.13809 0.0572106
0.14016 0.0575652
0.142242 0.0579175
0.144335 0.0582676
0.146439 0.0586153
0.148555 0.0589606
0.150681 0.0593034
0.152818 0.0596437
0.154965 0.0599814
0.157122 0.0603164
0.159288 0.0606486
0.161465 0.060978
0.16365 0.0613045
0.165844 0.0616281
0.168047 0.0619487
0.170258 0.0622661
0.172478 0.0625804
0.174705 0.0628915
0.17694 0.0631992
0.179183 0.0635036
0.181432 0.0638046
0.183688 0.064102
0.185951 0.0643959
0.18822 0.0646862
0.190495 0.0649727
0.192776 0.0652554
0.195063 0.0655343
0.197354 0.0658093
0.199651 0.0660803
0.201953 0.0663473
0.204259 0.0666103
0.20657 0.0668693
0.208885 0.0671243
0.211204 0.0673752
0.213528 0.0676222
0.215855 0.0678651
0.218187 0.068104
0.220522 0.0683389
0.222861 0.0685698
0.225203 0.0687967
0.227549 0.0690195
0.229898 0.0692383
0.23225 0.0694531
0.234604 0.0696639
0.236962 0.0698706
0.239322 0.0700734
0.241685 0.0702721
0.24405 0.0704667
0.246418 0.0706574
0.248788 0.070844
0.251159 0.0710266
0.253533 0.0712051
0.255908 0.0713797
0.258285 0.0715501
0.260663 0.0717166
0.263043 0.071879
0.265424 0.0720374
0.267806 0.0721917
0.270189 0.072342
0.272572 0.0724883
0.274956 0.0726305
0.277341 0.0727687
0.279726 0.0729028
0.282112 0.0730329
0.284497 0.0731589
0.286883 0.0732809
0.289268 0.0733989
0.291654 0.0735128
0.294038 0.0736226
0.296423 0.0737284
0.298806 0.0738301
0.301189 0.0739278
0.303571 0.0740215
0.305951 0.074111
0.308331 0.0741966
0.310709 0.074278
0.313085 0.0743554
0.31546 0.0744288
0.317834 0.0744981
0.320205 0.0745633
0.322574 0.0746245
0.324941 0.0746815
0.327306 0.0747346
0.329669 0.0747835
0.332029 0.0748284
0.334386 0.0748693
0.33674 0.074906
0.339092 0.0749387
0.34144 0.0749673
0.343785 0.0749919
0.346127 0.0750123
0.348466 0.0750288
0.350801 0.0750412
0.353134 0.0750497
0.355464 0.0750542
0.357791 0.0750548
0.360115 0.0750515
0.362437 0.0750443
0.364756 0.0750332
0.367072 0.0750183
0.369386 0.0749997
0.371698 0.0749772
0.374008 0.074951
0.376315 0.0749211
0.378621 0.0748875
0.380924 0.0748502
0.383226 0.0748093
0.385525 0.0747648
0.387823 0.0747167
0.39012 0.074665
0.392415 0.0746098
0.394708 0.074551
0.397 0.0744888
0.399291 0.0744231
0.401581 0.074354
0.403869 0.0742815
0.406157 0.0742056
0.408443 0.0741263
0.410729 0.0740437
0.413013 0.0739578
0.415298 0.0738687
0.417581 0.0737762
0.419864 0.0736806
0.422147 0.0735817
0.424429 0.0734797
0.426711 0.0733746
0.428993 0.0732663
0.431274 0.0731549
0.433556 0.0730404
0.435838 0.072923
0.438119 0.0728024
0.440402 0.0726789
0.442684 0.0725525
0.444967 0.0724231
0.44725 0.0722908
0.449534 0.0721556
0.451819 0.0720175
0.454104 0.0718766
0.45639 0.0717329
0.458677 0.0715864
0.460965 0.0714372
0.463254 0.0712852
0.465545 0.0711305
0.467836 0.0709731
0.470129 0.0708131
0.472424 0.0706505
0.47472 0.0704853
0.477017 0.0703175
0.479316 0.0701471
0.481617 0.0699742
0.48392 0.0697989
0.486224 0.069621
0.488531 0.0694407
0.490839 0.069258
0.493149 0.0690728
0.495461 0.0688852
0.497774 0.0686952
0.500089 0.0685028
0.502405 0.068308
0.504723 0.0681109
0.507042 0.0679114
0.509363 0.0677096
0.511685 0.0675055
0.514008 0.0672991
0.516333 0.0670904
0.518658 0.0668794
0.520985 0.0666661
0.523313 0.0664507
0.525642 0.0662329
0.527972 0.066013
0.530302 0.0657909
0.532634 0.0655666
0.534966 0.0653401
0.5373 0.0651114
0.539634 0.0648807
0.541968 0.0646477
0.544303 0.0644127
0.546639 0.0641756
0.548975 0.0639364
0.551312 0.0636951
0.553649 0.0634517
0.555987 0.0632063
0.558325 0.0629589
0.560663 0.0627095
0.563001 0.0624581
0.56534 0.0622047
0.567679 0.0619493
0.570017 0.0616919
0.572356 0.0614327
0.574695 0.0611714
0.577033 0.0609083
0.579372 0.0606433
0.58171 0.0603764
0.584048 0.0601076
0.586386 0.059837
0.588723 0.0595645
0.59106 0.0592902
0.593397 0.0590141
0.595733 0.0587362
0.598069 0.0584566
0.600404 0.0581751
0.602738 0.0578919
0.605072 0.0576069
0.607405 0.0573203
0.609737 0.0570319
0.612068 0.0567418
0.614399 0.05645
0.616728 0.0561566
0.619057 0.0558615
0.621384 0.0555648
0.623711 0.0552664
0.626036 0.0549665
0.62836 0.0546649
0.630683 0.0543618
0.633005 0.0540572
0.635326 0.053751
0.637645 0.0534434
0.639964 0.0531343
0.642282 0.0528239
0.644599 0.052512
0.646915 0.0521988
0.64923 0.0518842
0.651545 0.0515683
0.653858 0.0512512
0.656171 0.0509328
0.658483 0.0506132
0.660795 0.0502924
0.663106 0.0499705
0.665416 0.0496475
0.667726 0.0493233
0.670035 0.0489981
0.672344 0.0486718
0.674652 0.0483445
0.67696 0.0480163
0.679267 0.047687
0.681574 0.0473569
0.683881 0.0470259
0.686188 0.046694
0.688494 0.0463612
0.6908 0.0460277
0.693106 0.0456933
0.695411 0.0453583
0.697717 0.0450225
0.700022 0.044686
0.702328 0.0443488
0.704633 0.044011
0.706939 0.0436726
0.709244 0.0433336
0.71155 0.0429941
0.713856 0.0426541
0.716162 0.0423136
0.718468 0.0419726
0.720774 0.0416311
0.723081 0.0412893
0.725388 0.0409471
0.727695 0.0406046
0.730003 0.0402617
0.732311 0.0399186
0.73462 0.0395752
0.736929 0.0392315
0.739239 0.0388877
0.741549 0.0385437
0.743859 0.0381995
0.746171 0.0378553
0.748483 0.0375109
0.750796 0.0371665
0.753109 0.0368221
0.755423 0.0364777
0.757739 0.0361333
0.760054 0.0357889
0.762371 0.0354447
0.764689 0.0351006
0.767008 0.0347566
0.769327 0.0344128
0.771648 0.0340691
0.773969 0.0337256
0.776291 0.0333823
0.778614 0.0330391
0.780938 0.032696
0.783262 0.0323531
0.785587 0.0320103
0.787913 0.0316676
0.790239 0.031325
0.792565 0.0309825
0.794892 0.0306401
0.79722 0.0302977
0.799548 0.0299555
0.801876 0.0296133
0.804204 0.0292713
0.806533 0.0289292
0.808861 0.0285872
0.81119 0.0282453
0.813519 0.0279034
0.815848 0.0275616
0.818177 0.0272197
0.820505 0.0268779
0.822834 0.0265361
0.825162 0.0261943
0.827491 0.0258525
0.829819 0.0255107
0.832146 0.0251689
0.834474 0.0248271
0.836801 0.0244852
0.839127 0.0241433
0.841453 0.0238014
0.843778 0.0234594
0.846103 0.0231174
0.848427 0.0227753
0.850751 0.0224331
0.853073 0.0220909
0.855395 0.0217485
0.857716 0.0214061
0.860036 0.0210636
0.862356 0.020721
0.864674 0.0203783
0.866991 0.0200355
0.869307 0.0196925
0.871622 0.0193494
0.873936 0.0190062
0.876249 0.0186629
0.87856 0.0183194
0.88087 0.0179757
0.883179 0.0176319
0.885486 0.0172879
0.887792 0.0169437
0.890097 0.0165993
0.8924 0.0162548
0.894701 0.0159101
0.897 0.0155651
0.899298 0.01522
0.901594 0.0148746
0.903889 0.014529
0.906181 0.0141832
0.908472 0.0138371
0.910761 0.0134908
0.913049 0.0131444
0.915338 0.012798
0.917627 0.0124517
0.919918 0.0121056
0.922213 0.0117598
0.924511 0.0114144
0.926814 0.0110696
0.929124 0.0107254
0.93144 0.0103819
0.933764 0.0100393
0.936096 0.0096977
0.938439 0.00935715
0.940792 0.00901778
0.943157 0.0086797
0.945534 0.00834303
0.947925 0.00800786
0.950331 0.00767432
0.952752 0.0073425
0.95519 0.00701253
0.957645 0.00668449
0.960119 0.00635852
0.962612 0.00603471
0.965125 0.00571317
0.96766 0.00539401
0.970217 0.00507734
0.972797 0.00476327
0.975402 0.00445191
0.978031 0.00414337
0.980687 0.00383776
0.98337 0.00353518
0.986081 0.00323574
0.988821 0.00293955
0.991591 0.00264673
0.994392 0.00235738
0.997225 0.0020716
1 0
