11 2
0.000000000000000000e+00
0.000000000000000000e+00
2.238999999999999879e-01
2.238999999999999879e-01
4.477999999999999758e-01
4.477999999999999758e-01
6.716999999999999638e-01
6.716999999999999638e-01
8.955999999999999517e-01
8.955999999999999517e-01
1.119499999999999940e+00
1.119499999999999940e+00
1.343399999999999928e+00
1.343399999999999928e+00
1.567299999999999915e+00
1.567299999999999915e+00
1.791199999999999903e+00
1.791199999999999903e+00
2.015099999999999891e+00
2.015099999999999891e+00
2.238999999999999879e+00
2.238999999999999879e+00
0.000000000000000000e+00
0.000000000000000000e+00
0.000000000000000000e+00
0.000000000000000000e+00
0.000000000000000000e+00
0.000000000000000000e+00
0.000000000000000000e+00
0.000000000000000000e+00
0.000000000000000000e+00
0.000000000000000000e+00
0.000000000000000000e+00
0.000000000000000000e+00
0.000000000000000000e+00
0.000000000000000000e+00
0.000000000000000000e+00
0.000000000000000000e+00
0.000000000000000000e+00
0.000000000000000000e+00
0.000000000000000000e+00
0.000000000000000000e+00
0.000000000000000000e+00
0.000000000000000000e+00
-1.524000000000000077e-01
1.524000000000000077e-01
-1.524000000000000077e-01
1.524000000000000077e-01
-1.524000000000000077e-01
1.524000000000000077e-01
-1.524000000000000077e-01
1.524000000000000077e-01
-1.524000000000000077e-01
1.524000000000000077e-01
-1.524000000000000077e-01
1.524000000000000077e-01
-1.524000000000000077e-01
1.524000000000000077e-01
-1.524000000000000077e-01
1.524000000000000077e-01
-1.524000000000000077e-01
1.524000000000000077e-01
-1.524000000000000077e-01
1.524000000000000077e-01
-1.524000000000000077e-01
1.524000000000000077e-01
