3 11
1.362919745665637006e+00
1.331944051094128056e+00
1.242049084184614349e+00
1.102034390633263472e+00
9.256055841846144716e-01
7.300327456656371394e-01
9.256055841846144716e-01
1.102034390633263472e+00
1.242049084184614349e+00
1.331944051094128056e+00
1.362919745665637006e+00
1.429581245665636935e+00
1.404664754376788061e+00
1.332354280280995784e+00
1.219728076399455352e+00
1.077810780280995973e+00
9.204942456656370897e-01
1.077810780280995973e+00
1.219728076399455352e+00
1.332354280280995784e+00
1.404664754376788061e+00
1.429581245665636935e+00
1.496242745665637086e+00
1.477385457659448065e+00
1.422659476377377441e+00
1.337421762165647010e+00
1.230015976377377473e+00
1.110955745665637151e+00
1.230015976377377473e+00
1.337421762165647010e+00
1.422659476377377441e+00
1.477385457659448065e+00
1.496242745665637086e+00
-1.074000000000000066e+00
-1.021434698500994998e+00
-8.688842519586934543e-01
-6.312813609621160671e-01
-3.318842519586934769e-01
-6.576353311421286952e-17
3.318842519586934769e-01
6.312813609621160671e-01
8.688842519586934543e-01
1.021434698500994998e+00
1.074000000000000066e+00
-1.074000000000000066e+00
-1.021434698500994998e+00
-8.688842519586934543e-01
-6.312813609621160671e-01
-3.318842519586934769e-01
-6.576353311421286952e-17
3.318842519586934769e-01
6.312813609621160671e-01
8.688842519586934543e-01
1.021434698500994998e+00
1.074000000000000066e+00
-1.074000000000000066e+00
-1.021434698500994998e+00
-8.688842519586934543e-01
-6.312813609621160671e-01
-3.318842519586934769e-01
-6.576353311421286952e-17
3.318842519586934769e-01
6.312813609621160671e-01
8.688842519586934543e-01
1.021434698500994998e+00
1.074000000000000066e+00
-3.679999999999999938e-02
-3.679999999999999938e-02
-3.679999999999999938e-02
-3.679999999999999938e-02
-3.679999999999999938e-02
-3.679999999999999938e-02
-3.679999999999999938e-02
-3.679999999999999938e-02
-3.679999999999999938e-02
-3.679999999999999938e-02
-3.679999999999999938e-02
-3.679999999999999938e-02
-3.679999999999999938e-02
-3.679999999999999938e-02
-3.679999999999999938e-02
-3.679999999999999938e-02
-3.679999999999999938e-02
-3.679999999999999938e-02
-3.679999999999999938e-02
-3.679999999999999938e-02
-3.679999999999999938e-02
-3.679999999999999938e-02
-3.679999999999999938e-02
-3.679999999999999938e-02
-3.679999999999999938e-02
-3.679999999999999938e-02
-3.679999999999999938e-02
-3.679999999999999938e-02
-3.679999999999999938e-02
-3.679999999999999938e-02
-3.679999999999999938e-02
-3.679999999999999938e-02
-3.679999999999999938e-02
