6 101
5.463024898437904842e-01
5.460329225430020639e-01
5.452244866710173055e-01
5.438779800564381706e-01
5.419947315387276809e-01
5.395765996568054890e-01
5.366259708148943819e-01
5.331457569274274944e-01
5.291393925453404812e-01
5.246108314665842709e-01
5.195645428342038352e-01
5.140055067258335608e-01
5.079392092389617419e-01
5.013716370768148689e-01
4.943092716402044395e-01
4.867590826311668506e-01
4.787285211747085434e-01
4.702255124654456386e-01
4.612584479463932574e-01
4.518361770276250744e-01
4.419679983529735678e-01
4.316636506233907378e-01
4.209333029860267139e-01
4.097875449985088903e-01
3.982373761783274402e-01
3.862941951476392410e-01
3.739697883842036386e-01
3.612763185895523921e-01
3.482263126858720081e-01
3.348326494534425990e-01
3.211085468208385585e-01
3.070675488204270831e-01
2.927235122220440133e-01
2.780905928580359454e-01
2.631832316531609317e-01
2.480161403731410974e-01
2.326042871059244566e-01
2.169628814899899616e-01
2.011073597042712102e-01
1.850533692345099901e-01
1.688167534310783258e-01
1.524135358735038692e-01
1.358599045571314001e-01
1.191721959175262302e-01
1.023668787083839293e-01
8.546053774885949139e-02
6.846985755635268123e-02
5.141160588090383510e-02
3.430261715744906126e-02
1.715977589226492378e-02
-3.345137977767137248e-17
-3.345137977767137248e-17
1.715977589226492378e-02
3.430261715744906126e-02
5.141160588090383510e-02
6.846985755635268123e-02
8.546053774885949139e-02
1.023668787083839293e-01
1.191721959175262302e-01
1.358599045571314001e-01
1.524135358735038692e-01
1.688167534310783258e-01
1.850533692345099901e-01
2.011073597042712102e-01
2.169628814899899616e-01
2.326042871059244566e-01
2.480161403731410974e-01
2.631832316531609317e-01
2.780905928580359454e-01
2.927235122220440133e-01
3.070675488204270831e-01
3.211085468208385585e-01
3.348326494534425990e-01
3.482263126858720081e-01
3.612763185895523921e-01
3.739697883842036386e-01
3.862941951476392410e-01
3.982373761783274402e-01
4.097875449985088903e-01
4.209333029860267139e-01
4.316636506233907378e-01
4.419679983529735678e-01
4.518361770276250744e-01
4.612584479463932574e-01
4.702255124654456386e-01
4.787285211747085434e-01
4.867590826311668506e-01
4.943092716402044395e-01
5.013716370768148689e-01
5.079392092389617419e-01
5.140055067258335608e-01
5.195645428342038352e-01
5.246108314665842709e-01
5.291393925453404812e-01
5.331457569274274944e-01
5.366259708148943819e-01
5.395765996568054890e-01
5.419947315387276809e-01
5.438779800564381706e-01
5.452244866710173055e-01
5.460329225430020639e-01
5.463024898437904842e-01
5.463024898437904842e-01
5.460329225430020639e-01
5.452244866710173055e-01
5.438779800564381706e-01
5.419947315387276809e-01
5.395765996568054890e-01
5.366259708148943819e-01
5.331457569274274944e-01
5.291393925453404812e-01
5.246108314665842709e-01
5.195645428342038352e-01
5.140055067258335608e-01
5.079392092389617419e-01
5.013716370768148689e-01
4.943092716402044395e-01
4.867590826311668506e-01
4.787285211747085434e-01
4.702255124654456386e-01
4.612584479463932574e-01
4.518361770276250744e-01
4.419679983529735678e-01
4.316636506233907378e-01
4.209333029860267139e-01
4.097875449985088903e-01
3.982373761783274402e-01
3.862941951476392410e-01
3.739697883842036386e-01
3.612763185895523921e-01
3.482263126858720081e-01
3.348326494534425990e-01
3.211085468208385585e-01
3.070675488204270831e-01
2.927235122220440133e-01
2.780905928580359454e-01
2.631832316531609317e-01
2.480161403731410974e-01
2.326042871059244566e-01
2.169628814899899616e-01
2.011073597042712102e-01
1.850533692345099901e-01
1.688167534310783258e-01
1.524135358735038692e-01
1.358599045571314001e-01
1.191721959175262302e-01
1.023668787083839293e-01
8.546053774885949139e-02
6.846985755635268123e-02
5.141160588090383510e-02
3.430261715744906126e-02
1.715977589226492378e-02
-3.345137977767137248e-17
-3.345137977767137248e-17
1.715977589226492378e-02
3.430261715744906126e-02
5.141160588090383510e-02
6.846985755635268123e-02
8.546053774885949139e-02
1.023668787083839293e-01
1.191721959175262302e-01
1.358599045571314001e-01
1.524135358735038692e-01
1.688167534310783258e-01
1.850533692345099901e-01
2.011073597042712102e-01
2.169628814899899616e-01
2.326042871059244566e-01
2.480161403731410974e-01
2.631832316531609317e-01
2.780905928580359454e-01
2.927235122220440133e-01
3.070675488204270831e-01
3.211085468208385585e-01
3.348326494534425990e-01
3.482263126858720081e-01
3.612763185895523921e-01
3.739697883842036386e-01
3.862941951476392410e-01
3.982373761783274402e-01
4.097875449985088903e-01
4.209333029860267139e-01
4.316636506233907378e-01
4.419679983529735678e-01
4.518361770276250744e-01
4.612584479463932574e-01
4.702255124654456386e-01
4.787285211747085434e-01
4.867590826311668506e-01
4.943092716402044395e-01
5.013716370768148689e-01
5.079392092389617419e-01
5.140055067258335608e-01
5.195645428342038352e-01
5.246108314665842709e-01
5.291393925453404812e-01
5.331457569274274944e-01
5.366259708148943819e-01
5.395765996568054890e-01
5.419947315387276809e-01
5.438779800564381706e-01
5.452244866710173055e-01
5.460329225430020639e-01
5.463024898437904842e-01
5.463024898437904842e-01
5.460329225430020639e-01
5.452244866710173055e-01
5.438779800564381706e-01
5.419947315387276809e-01
5.395765996568054890e-01
5.366259708148943819e-01
5.331457569274274944e-01
5.291393925453404812e-01
5.246108314665842709e-01
5.195645428342038352e-01
5.140055067258335608e-01
5.079392092389617419e-01
5.013716370768148689e-01
4.943092716402044395e-01
4.867590826311668506e-01
4.787285211747085434e-01
4.702255124654456386e-01
4.612584479463932574e-01
4.518361770276250744e-01
4.419679983529735678e-01
4.316636506233907378e-01
4.209333029860267139e-01
4.097875449985088903e-01
3.982373761783274402e-01
3.862941951476392410e-01
3.739697883842036386e-01
3.612763185895523921e-01
3.482263126858720081e-01
3.348326494534425990e-01
3.211085468208385585e-01
3.070675488204270831e-01
2.927235122220440133e-01
2.780905928580359454e-01
2.631832316531609317e-01
2.480161403731410974e-01
2.326042871059244566e-01
2.169628814899899616e-01
2.011073597042712102e-01
1.850533692345099901e-01
1.688167534310783258e-01
1.524135358735038692e-01
1.358599045571314001e-01
1.191721959175262302e-01
1.023668787083839293e-01
8.546053774885949139e-02
6.846985755635268123e-02
5.141160588090383510e-02
3.430261715744906126e-02
1.715977589226492378e-02
-3.345137977767137248e-17
-3.345137977767137248e-17
1.715977589226492378e-02
3.430261715744906126e-02
5.141160588090383510e-02
6.846985755635268123e-02
8.546053774885949139e-02
1.023668787083839293e-01
1.191721959175262302e-01
1.358599045571314001e-01
1.524135358735038692e-01
1.688167534310783258e-01
1.850533692345099901e-01
2.011073597042712102e-01
2.169628814899899616e-01
2.326042871059244566e-01
2.480161403731410974e-01
2.631832316531609317e-01
2.780905928580359454e-01
2.927235122220440133e-01
3.070675488204270831e-01
3.211085468208385585e-01
3.348326494534425990e-01
3.482263126858720081e-01
3.612763185895523921e-01
3.739697883842036386e-01
3.862941951476392410e-01
3.982373761783274402e-01
4.097875449985088903e-01
4.209333029860267139e-01
4.316636506233907378e-01
4.419679983529735678e-01
4.518361770276250744e-01
4.612584479463932574e-01
4.702255124654456386e-01
4.787285211747085434e-01
4.867590826311668506e-01
4.943092716402044395e-01
5.013716370768148689e-01
5.079392092389617419e-01
5.140055067258335608e-01
5.195645428342038352e-01
5.246108314665842709e-01
5.291393925453404812e-01
5.331457569274274944e-01
5.366259708148943819e-01
5.395765996568054890e-01
5.419947315387276809e-01
5.438779800564381706e-01
5.452244866710173055e-01
5.460329225430020639e-01
5.463024898437904842e-01
5.463024898437904842e-01
5.460329225430020639e-01
5.452244866710173055e-01
5.438779800564381706e-01
5.419947315387276809e-01
5.395765996568054890e-01
5.366259708148943819e-01
5.331457569274274944e-01
5.291393925453404812e-01
5.246108314665842709e-01
5.195645428342038352e-01
5.140055067258335608e-01
5.079392092389617419e-01
5.013716370768148689e-01
4.943092716402044395e-01
4.867590826311668506e-01
4.787285211747085434e-01
4.702255124654456386e-01
4.612584479463932574e-01
4.518361770276250744e-01
4.419679983529735678e-01
4.316636506233907378e-01
4.209333029860267139e-01
4.097875449985088903e-01
3.982373761783274402e-01
3.862941951476392410e-01
3.739697883842036386e-01
3.612763185895523921e-01
3.482263126858720081e-01
3.348326494534425990e-01
3.211085468208385585e-01
3.070675488204270831e-01
2.927235122220440133e-01
2.780905928580359454e-01
2.631832316531609317e-01
2.480161403731410974e-01
2.326042871059244566e-01
2.169628814899899616e-01
2.011073597042712102e-01
1.850533692345099901e-01
1.688167534310783258e-01
1.524135358735038692e-01
1.358599045571314001e-01
1.191721959175262302e-01
1.023668787083839293e-01
8.546053774885949139e-02
6.846985755635268123e-02
5.141160588090383510e-02
3.430261715744906126e-02
1.715977589226492378e-02
-3.345137977767137248e-17
-3.345137977767137248e-17
1.715977589226492378e-02
3.430261715744906126e-02
5.141160588090383510e-02
6.846985755635268123e-02
8.546053774885949139e-02
1.023668787083839293e-01
1.191721959175262302e-01
1.358599045571314001e-01
1.524135358735038692e-01
1.688167534310783258e-01
1.850533692345099901e-01
2.011073597042712102e-01
2.169628814899899616e-01
2.326042871059244566e-01
2.480161403731410974e-01
2.631832316531609317e-01
2.780905928580359454e-01
2.927235122220440133e-01
3.070675488204270831e-01
3.211085468208385585e-01
3.348326494534425990e-01
3.482263126858720081e-01
3.612763185895523921e-01
3.739697883842036386e-01
3.862941951476392410e-01
3.982373761783274402e-01
4.097875449985088903e-01
4.209333029860267139e-01
4.316636506233907378e-01
4.419679983529735678e-01
4.518361770276250744e-01
4.612584479463932574e-01
4.702255124654456386e-01
4.787285211747085434e-01
4.867590826311668506e-01
4.943092716402044395e-01
5.013716370768148689e-01
5.079392092389617419e-01
5.140055067258335608e-01
5.195645428342038352e-01
5.246108314665842709e-01
5.291393925453404812e-01
5.331457569274274944e-01
5.366259708148943819e-01
5.395765996568054890e-01
5.419947315387276809e-01
5.438779800564381706e-01
5.452244866710173055e-01
5.460329225430020639e-01
5.463024898437904842e-01
5.463024898437904842e-01
5.460329225430020639e-01
5.452244866710173055e-01
5.438779800564381706e-01
5.419947315387276809e-01
5.395765996568054890e-01
5.366259708148943819e-01
5.331457569274274944e-01
5.291393925453404812e-01
5.246108314665842709e-01
5.195645428342038352e-01
5.140055067258335608e-01
5.079392092389617419e-01
5.013716370768148689e-01
4.943092716402044395e-01
4.867590826311668506e-01
4.787285211747085434e-01
4.702255124654456386e-01
4.612584479463932574e-01
4.518361770276250744e-01
4.419679983529735678e-01
4.316636506233907378e-01
4.209333029860267139e-01
4.097875449985088903e-01
3.982373761783274402e-01
3.862941951476392410e-01
3.739697883842036386e-01
3.612763185895523921e-01
3.482263126858720081e-01
3.348326494534425990e-01
3.211085468208385585e-01
3.070675488204270831e-01
2.927235122220440133e-01
2.780905928580359454e-01
2.631832316531609317e-01
2.480161403731410974e-01
2.326042871059244566e-01
2.169628814899899616e-01
2.011073597042712102e-01
1.850533692345099901e-01
1.688167534310783258e-01
1.524135358735038692e-01
1.358599045571314001e-01
1.191721959175262302e-01
1.023668787083839293e-01
8.546053774885949139e-02
6.846985755635268123e-02
5.141160588090383510e-02
3.430261715744906126e-02
1.715977589226492378e-02
-3.345137977767137248e-17
-3.345137977767137248e-17
1.715977589226492378e-02
3.430261715744906126e-02
5.141160588090383510e-02
6.846985755635268123e-02
8.546053774885949139e-02
1.023668787083839293e-01
1.191721959175262302e-01
1.358599045571314001e-01
1.524135358735038692e-01
1.688167534310783258e-01
1.850533692345099901e-01
2.011073597042712102e-01
2.169628814899899616e-01
2.326042871059244566e-01
2.480161403731410974e-01
2.631832316531609317e-01
2.780905928580359454e-01
2.927235122220440133e-01
3.070675488204270831e-01
3.211085468208385585e-01
3.348326494534425990e-01
3.482263126858720081e-01
3.612763185895523921e-01
3.739697883842036386e-01
3.862941951476392410e-01
3.982373761783274402e-01
4.097875449985088903e-01
4.209333029860267139e-01
4.316636506233907378e-01
4.419679983529735678e-01
4.518361770276250744e-01
4.612584479463932574e-01
4.702255124654456386e-01
4.787285211747085434e-01
4.867590826311668506e-01
4.943092716402044395e-01
5.013716370768148689e-01
5.079392092389617419e-01
5.140055067258335608e-01
5.195645428342038352e-01
5.246108314665842709e-01
5.291393925453404812e-01
5.331457569274274944e-01
5.366259708148943819e-01
5.395765996568054890e-01
5.419947315387276809e-01
5.438779800564381706e-01
5.452244866710173055e-01
5.460329225430020639e-01
5.463024898437904842e-01
5.463024898437904842e-01
5.460329225430020639e-01
5.452244866710173055e-01
5.438779800564381706e-01
5.419947315387276809e-01
5.395765996568054890e-01
5.366259708148943819e-01
5.331457569274274944e-01
5.291393925453404812e-01
5.246108314665842709e-01
5.195645428342038352e-01
5.140055067258335608e-01
5.079392092389617419e-01
5.013716370768148689e-01
4.943092716402044395e-01
4.867590826311668506e-01
4.787285211747085434e-01
4.702255124654456386e-01
4.612584479463932574e-01
4.518361770276250744e-01
4.419679983529735678e-01
4.316636506233907378e-01
4.209333029860267139e-01
4.097875449985088903e-01
3.982373761783274402e-01
3.862941951476392410e-01
3.739697883842036386e-01
3.612763185895523921e-01
3.482263126858720081e-01
3.348326494534425990e-01
3.211085468208385585e-01
3.070675488204270831e-01
2.927235122220440133e-01
2.780905928580359454e-01
2.631832316531609317e-01
2.480161403731410974e-01
2.326042871059244566e-01
2.169628814899899616e-01
2.011073597042712102e-01
1.850533692345099901e-01
1.688167534310783258e-01
1.524135358735038692e-01
1.358599045571314001e-01
1.191721959175262302e-01
1.023668787083839293e-01
8.546053774885949139e-02
6.846985755635268123e-02
5.141160588090383510e-02
3.430261715744906126e-02
1.715977589226492378e-02
-3.345137977767137248e-17
-3.345137977767137248e-17
1.715977589226492378e-02
3.430261715744906126e-02
5.141160588090383510e-02
6.846985755635268123e-02
8.546053774885949139e-02
1.023668787083839293e-01
1.191721959175262302e-01
1.358599045571314001e-01
1.524135358735038692e-01
1.688167534310783258e-01
1.850533692345099901e-01
2.011073597042712102e-01
2.169628814899899616e-01
2.326042871059244566e-01
2.480161403731410974e-01
2.631832316531609317e-01
2.780905928580359454e-01
2.927235122220440133e-01
3.070675488204270831e-01
3.211085468208385585e-01
3.348326494534425990e-01
3.482263126858720081e-01
3.612763185895523921e-01
3.739697883842036386e-01
3.862941951476392410e-01
3.982373761783274402e-01
4.097875449985088903e-01
4.209333029860267139e-01
4.316636506233907378e-01
4.419679983529735678e-01
4.518361770276250744e-01
4.612584479463932574e-01
4.702255124654456386e-01
4.787285211747085434e-01
4.867590826311668506e-01
4.943092716402044395e-01
5.013716370768148689e-01
5.079392092389617419e-01
5.140055067258335608e-01
5.195645428342038352e-01
5.246108314665842709e-01
5.291393925453404812e-01
5.331457569274274944e-01
5.366259708148943819e-01
5.395765996568054890e-01
5.419947315387276809e-01
5.438779800564381706e-01
5.452244866710173055e-01
5.460329225430020639e-01
5.463024898437904842e-01
-1.100000000000000000e+01
-1.099950656036573093e+01
-1.099802672842827178e+01
-1.099556196460308044e+01
-1.099211470131447754e+01
-1.098768834059513821e+01
-1.098228725072868883e+01
-1.097591676193874832e+01
-1.096858316112863108e+01
-1.096029368567694284e+01
-1.095105651629515364e+01
-1.094088076895422468e+01
-1.092977648588825090e+01
-1.091775462568398147e+01
-1.090482705246602002e+01
-1.089100652418836823e+01
-1.087630668004386436e+01
-1.086074202700394409e+01
-1.084432792550201441e+01
-1.082708057427456083e+01
-1.080901699437494656e+01
-1.079015501237569019e+01
-1.077051324277578992e+01
-1.075011106963046004e+01
-1.072896862742141089e+01
-1.070710678118654791e+01
-1.068454710592868828e+01
-1.066131186532365227e+01
-1.063742398974869019e+01
-1.061290705365297704e+01
-1.058778525229247336e+01
-1.056208337785213125e+01
-1.053582679497899655e+01
-1.050904141575037087e+01
-1.048175367410171432e+01
-1.045399049973954675e+01
-1.042577929156507288e+01
-1.039714789063478051e+01
-1.036812455268467836e+01
-1.033873792024529159e+01
-1.030901699437494656e+01
-1.027899110603922850e+01
-1.024868988716485418e+01
-1.021814324139654317e+01
-1.018738131458572482e+01
-1.015643446504023117e+01
-1.012533323356430337e+01
-1.009410831331851455e+01
-1.006279051952931347e+01
-1.003141075907812763e+01
-1.000000000000000000e+01
1.000000000000000000e+01
1.003141075907812763e+01
1.006279051952931347e+01
1.009410831331851455e+01
1.012533323356430337e+01
1.015643446504023117e+01
1.018738131458572482e+01
1.021814324139654317e+01
1.024868988716485418e+01
1.027899110603922850e+01
1.030901699437494656e+01
1.033873792024529159e+01
1.036812455268467836e+01
1.039714789063478051e+01
1.042577929156507288e+01
1.045399049973954675e+01
1.048175367410171432e+01
1.050904141575037087e+01
1.053582679497899655e+01
1.056208337785213125e+01
1.058778525229247336e+01
1.061290705365297704e+01
1.063742398974869019e+01
1.066131186532365227e+01
1.068454710592868828e+01
1.070710678118654791e+01
1.072896862742141089e+01
1.075011106963046004e+01
1.077051324277578992e+01
1.079015501237569019e+01
1.080901699437494656e+01
1.082708057427456083e+01
1.084432792550201441e+01
1.086074202700394409e+01
1.087630668004386436e+01
1.089100652418836823e+01
1.090482705246602002e+01
1.091775462568398147e+01
1.092977648588825090e+01
1.094088076895422468e+01
1.095105651629515364e+01
1.096029368567694284e+01
1.096858316112863108e+01
1.097591676193874832e+01
1.098228725072868883e+01
1.098768834059513821e+01
1.099211470131447754e+01
1.099556196460308044e+01
1.099802672842827178e+01
1.099950656036573093e+01
1.100000000000000000e+01
-1.100000000000000000e+01
-1.099950656036573093e+01
-1.099802672842827178e+01
-1.099556196460308044e+01
-1.099211470131447754e+01
-1.098768834059513821e+01
-1.098228725072868883e+01
-1.097591676193874832e+01
-1.096858316112863108e+01
-1.096029368567694284e+01
-1.095105651629515364e+01
-1.094088076895422468e+01
-1.092977648588825090e+01
-1.091775462568398147e+01
-1.090482705246602002e+01
-1.089100652418836823e+01
-1.087630668004386436e+01
-1.086074202700394409e+01
-1.084432792550201441e+01
-1.082708057427456083e+01
-1.080901699437494656e+01
-1.079015501237569019e+01
-1.077051324277578992e+01
-1.075011106963046004e+01
-1.072896862742141089e+01
-1.070710678118654791e+01
-1.068454710592868828e+01
-1.066131186532365227e+01
-1.063742398974869019e+01
-1.061290705365297704e+01
-1.058778525229247336e+01
-1.056208337785213125e+01
-1.053582679497899655e+01
-1.050904141575037087e+01
-1.048175367410171432e+01
-1.045399049973954675e+01
-1.042577929156507288e+01
-1.039714789063478051e+01
-1.036812455268467836e+01
-1.033873792024529159e+01
-1.030901699437494656e+01
-1.027899110603922850e+01
-1.024868988716485418e+01
-1.021814324139654317e+01
-1.018738131458572482e+01
-1.015643446504023117e+01
-1.012533323356430337e+01
-1.009410831331851455e+01
-1.006279051952931347e+01
-1.003141075907812763e+01
-1.000000000000000000e+01
1.000000000000000000e+01
1.003141075907812763e+01
1.006279051952931347e+01
1.009410831331851455e+01
1.012533323356430337e+01
1.015643446504023117e+01
1.018738131458572482e+01
1.021814324139654317e+01
1.024868988716485418e+01
1.027899110603922850e+01
1.030901699437494656e+01
1.033873792024529159e+01
1.036812455268467836e+01
1.039714789063478051e+01
1.042577929156507288e+01
1.045399049973954675e+01
1.048175367410171432e+01
1.050904141575037087e+01
1.053582679497899655e+01
1.056208337785213125e+01
1.058778525229247336e+01
1.061290705365297704e+01
1.063742398974869019e+01
1.066131186532365227e+01
1.068454710592868828e+01
1.070710678118654791e+01
1.072896862742141089e+01
1.075011106963046004e+01
1.077051324277578992e+01
1.079015501237569019e+01
1.080901699437494656e+01
1.082708057427456083e+01
1.084432792550201441e+01
1.086074202700394409e+01
1.087630668004386436e+01
1.089100652418836823e+01
1.090482705246602002e+01
1.091775462568398147e+01
1.092977648588825090e+01
1.094088076895422468e+01
1.095105651629515364e+01
1.096029368567694284e+01
1.096858316112863108e+01
1.097591676193874832e+01
1.098228725072868883e+01
1.098768834059513821e+01
1.099211470131447754e+01
1.099556196460308044e+01
1.099802672842827178e+01
1.099950656036573093e+01
1.100000000000000000e+01
-1.100000000000000000e+01
-1.099950656036573093e+01
-1.099802672842827178e+01
-1.099556196460308044e+01
-1.099211470131447754e+01
-1.098768834059513821e+01
-1.098228725072868883e+01
-1.097591676193874832e+01
-1.096858316112863108e+01
-1.096029368567694284e+01
-1.095105651629515364e+01
-1.094088076895422468e+01
-1.092977648588825090e+01
-1.091775462568398147e+01
-1.090482705246602002e+01
-1.089100652418836823e+01
-1.087630668004386436e+01
-1.086074202700394409e+01
-1.084432792550201441e+01
-1.082708057427456083e+01
-1.080901699437494656e+01
-1.079015501237569019e+01
-1.077051324277578992e+01
-1.075011106963046004e+01
-1.072896862742141089e+01
-1.070710678118654791e+01
-1.068454710592868828e+01
-1.066131186532365227e+01
-1.063742398974869019e+01
-1.061290705365297704e+01
-1.058778525229247336e+01
-1.056208337785213125e+01
-1.053582679497899655e+01
-1.050904141575037087e+01
-1.048175367410171432e+01
-1.045399049973954675e+01
-1.042577929156507288e+01
-1.039714789063478051e+01
-1.036812455268467836e+01
-1.033873792024529159e+01
-1.030901699437494656e+01
-1.027899110603922850e+01
-1.024868988716485418e+01
-1.021814324139654317e+01
-1.018738131458572482e+01
-1.015643446504023117e+01
-1.012533323356430337e+01
-1.009410831331851455e+01
-1.006279051952931347e+01
-1.003141075907812763e+01
-1.000000000000000000e+01
1.000000000000000000e+01
1.003141075907812763e+01
1.006279051952931347e+01
1.009410831331851455e+01
1.012533323356430337e+01
1.015643446504023117e+01
1.018738131458572482e+01
1.021814324139654317e+01
1.024868988716485418e+01
1.027899110603922850e+01
1.030901699437494656e+01
1.033873792024529159e+01
1.036812455268467836e+01
1.039714789063478051e+01
1.042577929156507288e+01
1.045399049973954675e+01
1.048175367410171432e+01
1.050904141575037087e+01
1.053582679497899655e+01
1.056208337785213125e+01
1.058778525229247336e+01
1.061290705365297704e+01
1.063742398974869019e+01
1.066131186532365227e+01
1.068454710592868828e+01
1.070710678118654791e+01
1.072896862742141089e+01
1.075011106963046004e+01
1.077051324277578992e+01
1.079015501237569019e+01
1.080901699437494656e+01
1.082708057427456083e+01
1.084432792550201441e+01
1.086074202700394409e+01
1.087630668004386436e+01
1.089100652418836823e+01
1.090482705246602002e+01
1.091775462568398147e+01
1.092977648588825090e+01
1.094088076895422468e+01
1.095105651629515364e+01
1.096029368567694284e+01
1.096858316112863108e+01
1.097591676193874832e+01
1.098228725072868883e+01
1.098768834059513821e+01
1.099211470131447754e+01
1.099556196460308044e+01
1.099802672842827178e+01
1.099950656036573093e+01
1.100000000000000000e+01
-1.100000000000000000e+01
-1.099950656036573093e+01
-1.099802672842827178e+01
-1.099556196460308044e+01
-1.099211470131447754e+01
-1.098768834059513821e+01
-1.098228725072868883e+01
-1.097591676193874832e+01
-1.096858316112863108e+01
-1.096029368567694284e+01
-1.095105651629515364e+01
-1.094088076895422468e+01
-1.092977648588825090e+01
-1.091775462568398147e+01
-1.090482705246602002e+01
-1.089100652418836823e+01
-1.087630668004386436e+01
-1.086074202700394409e+01
-1.084432792550201441e+01
-1.082708057427456083e+01
-1.080901699437494656e+01
-1.079015501237569019e+01
-1.077051324277578992e+01
-1.075011106963046004e+01
-1.072896862742141089e+01
-1.070710678118654791e+01
-1.068454710592868828e+01
-1.066131186532365227e+01
-1.063742398974869019e+01
-1.061290705365297704e+01
-1.058778525229247336e+01
-1.056208337785213125e+01
-1.053582679497899655e+01
-1.050904141575037087e+01
-1.048175367410171432e+01
-1.045399049973954675e+01
-1.042577929156507288e+01
-1.039714789063478051e+01
-1.036812455268467836e+01
-1.033873792024529159e+01
-1.030901699437494656e+01
-1.027899110603922850e+01
-1.024868988716485418e+01
-1.021814324139654317e+01
-1.018738131458572482e+01
-1.015643446504023117e+01
-1.012533323356430337e+01
-1.009410831331851455e+01
-1.006279051952931347e+01
-1.003141075907812763e+01
-1.000000000000000000e+01
1.000000000000000000e+01
1.003141075907812763e+01
1.006279051952931347e+01
1.009410831331851455e+01
1.012533323356430337e+01
1.015643446504023117e+01
1.018738131458572482e+01
1.021814324139654317e+01
1.024868988716485418e+01
1.027899110603922850e+01
1.030901699437494656e+01
1.033873792024529159e+01
1.036812455268467836e+01
1.039714789063478051e+01
1.042577929156507288e+01
1.045399049973954675e+01
1.048175367410171432e+01
1.050904141575037087e+01
1.053582679497899655e+01
1.056208337785213125e+01
1.058778525229247336e+01
1.061290705365297704e+01
1.063742398974869019e+01
1.066131186532365227e+01
1.068454710592868828e+01
1.070710678118654791e+01
1.072896862742141089e+01
1.075011106963046004e+01
1.077051324277578992e+01
1.079015501237569019e+01
1.080901699437494656e+01
1.082708057427456083e+01
1.084432792550201441e+01
1.086074202700394409e+01
1.087630668004386436e+01
1.089100652418836823e+01
1.090482705246602002e+01
1.091775462568398147e+01
1.092977648588825090e+01
1.094088076895422468e+01
1.095105651629515364e+01
1.096029368567694284e+01
1.096858316112863108e+01
1.097591676193874832e+01
1.098228725072868883e+01
1.098768834059513821e+01
1.099211470131447754e+01
1.099556196460308044e+01
1.099802672842827178e+01
1.099950656036573093e+01
1.100000000000000000e+01
-1.100000000000000000e+01
-1.099950656036573093e+01
-1.099802672842827178e+01
-1.099556196460308044e+01
-1.099211470131447754e+01
-1.098768834059513821e+01
-1.098228725072868883e+01
-1.097591676193874832e+01
-1.096858316112863108e+01
-1.096029368567694284e+01
-1.095105651629515364e+01
-1.094088076895422468e+01
-1.092977648588825090e+01
-1.091775462568398147e+01
-1.090482705246602002e+01
-1.089100652418836823e+01
-1.087630668004386436e+01
-1.086074202700394409e+01
-1.084432792550201441e+01
-1.082708057427456083e+01
-1.080901699437494656e+01
-1.079015501237569019e+01
-1.077051324277578992e+01
-1.075011106963046004e+01
-1.072896862742141089e+01
-1.070710678118654791e+01
-1.068454710592868828e+01
-1.066131186532365227e+01
-1.063742398974869019e+01
-1.061290705365297704e+01
-1.058778525229247336e+01
-1.056208337785213125e+01
-1.053582679497899655e+01
-1.050904141575037087e+01
-1.048175367410171432e+01
-1.045399049973954675e+01
-1.042577929156507288e+01
-1.039714789063478051e+01
-1.036812455268467836e+01
-1.033873792024529159e+01
-1.030901699437494656e+01
-1.027899110603922850e+01
-1.024868988716485418e+01
-1.021814324139654317e+01
-1.018738131458572482e+01
-1.015643446504023117e+01
-1.012533323356430337e+01
-1.009410831331851455e+01
-1.006279051952931347e+01
-1.003141075907812763e+01
-1.000000000000000000e+01
1.000000000000000000e+01
1.003141075907812763e+01
1.006279051952931347e+01
1.009410831331851455e+01
1.012533323356430337e+01
1.015643446504023117e+01
1.018738131458572482e+01
1.021814324139654317e+01
1.024868988716485418e+01
1.027899110603922850e+01
1.030901699437494656e+01
1.033873792024529159e+01
1.036812455268467836e+01
1.039714789063478051e+01
1.042577929156507288e+01
1.045399049973954675e+01
1.048175367410171432e+01
1.050904141575037087e+01
1.053582679497899655e+01
1.056208337785213125e+01
1.058778525229247336e+01
1.061290705365297704e+01
1.063742398974869019e+01
1.066131186532365227e+01
1.068454710592868828e+01
1.070710678118654791e+01
1.072896862742141089e+01
1.075011106963046004e+01
1.077051324277578992e+01
1.079015501237569019e+01
1.080901699437494656e+01
1.082708057427456083e+01
1.084432792550201441e+01
1.086074202700394409e+01
1.087630668004386436e+01
1.089100652418836823e+01
1.090482705246602002e+01
1.091775462568398147e+01
1.092977648588825090e+01
1.094088076895422468e+01
1.095105651629515364e+01
1.096029368567694284e+01
1.096858316112863108e+01
1.097591676193874832e+01
1.098228725072868883e+01
1.098768834059513821e+01
1.099211470131447754e+01
1.099556196460308044e+01
1.099802672842827178e+01
1.099950656036573093e+01
1.100000000000000000e+01
-1.100000000000000000e+01
-1.099950656036573093e+01
-1.099802672842827178e+01
-1.099556196460308044e+01
-1.099211470131447754e+01
-1.098768834059513821e+01
-1.098228725072868883e+01
-1.097591676193874832e+01
-1.096858316112863108e+01
-1.096029368567694284e+01
-1.095105651629515364e+01
-1.094088076895422468e+01
-1.092977648588825090e+01
-1.091775462568398147e+01
-1.090482705246602002e+01
-1.089100652418836823e+01
-1.087630668004386436e+01
-1.086074202700394409e+01
-1.084432792550201441e+01
-1.082708057427456083e+01
-1.080901699437494656e+01
-1.079015501237569019e+01
-1.077051324277578992e+01
-1.075011106963046004e+01
-1.072896862742141089e+01
-1.070710678118654791e+01
-1.068454710592868828e+01
-1.066131186532365227e+01
-1.063742398974869019e+01
-1.061290705365297704e+01
-1.058778525229247336e+01
-1.056208337785213125e+01
-1.053582679497899655e+01
-1.050904141575037087e+01
-1.048175367410171432e+01
-1.045399049973954675e+01
-1.042577929156507288e+01
-1.039714789063478051e+01
-1.036812455268467836e+01
-1.033873792024529159e+01
-1.030901699437494656e+01
-1.027899110603922850e+01
-1.024868988716485418e+01
-1.021814324139654317e+01
-1.018738131458572482e+01
-1.015643446504023117e+01
-1.012533323356430337e+01
-1.009410831331851455e+01
-1.006279051952931347e+01
-1.003141075907812763e+01
-1.000000000000000000e+01
1.000000000000000000e+01
1.003141075907812763e+01
1.006279051952931347e+01
1.009410831331851455e+01
1.012533323356430337e+01
1.015643446504023117e+01
1.018738131458572482e+01
1.021814324139654317e+01
1.024868988716485418e+01
1.027899110603922850e+01
1.030901699437494656e+01
1.033873792024529159e+01
1.036812455268467836e+01
1.039714789063478051e+01
1.042577929156507288e+01
1.045399049973954675e+01
1.048175367410171432e+01
1.050904141575037087e+01
1.053582679497899655e+01
1.056208337785213125e+01
1.058778525229247336e+01
1.061290705365297704e+01
1.063742398974869019e+01
1.066131186532365227e+01
1.068454710592868828e+01
1.070710678118654791e+01
1.072896862742141089e+01
1.075011106963046004e+01
1.077051324277578992e+01
1.079015501237569019e+01
1.080901699437494656e+01
1.082708057427456083e+01
1.084432792550201441e+01
1.086074202700394409e+01
1.087630668004386436e+01
1.089100652418836823e+01
1.090482705246602002e+01
1.091775462568398147e+01
1.092977648588825090e+01
1.094088076895422468e+01
1.095105651629515364e+01
1.096029368567694284e+01
1.096858316112863108e+01
1.097591676193874832e+01
1.098228725072868883e+01
1.098768834059513821e+01
1.099211470131447754e+01
1.099556196460308044e+01
1.099802672842827178e+01
1.099950656036573093e+01
1.100000000000000000e+01
3.375000000000000000e+00
3.375000000000000000e+00
3.375000000000000000e+00
3.375000000000000000e+00
3.375000000000000000e+00
3.375000000000000000e+00
3.375000000000000000e+00
3.375000000000000000e+00
3.375000000000000000e+00
3.375000000000000000e+00
3.375000000000000000e+00
3.375000000000000000e+00
3.375000000000000000e+00
3.375000000000000000e+00
3.375000000000000000e+00
3.375000000000000000e+00
3.375000000000000000e+00
3.375000000000000000e+00
3.375000000000000000e+00
3.375000000000000000e+00
3.375000000000000000e+00
3.375000000000000000e+00
3.375000000000000000e+00
3.375000000000000000e+00
3.375000000000000000e+00
3.375000000000000000e+00
3.375000000000000000e+00
3.375000000000000000e+00
3.375000000000000000e+00
3.375000000000000000e+00
3.375000000000000000e+00
3.375000000000000000e+00
3.375000000000000000e+00
3.375000000000000000e+00
3.375000000000000000e+00
3.375000000000000000e+00
3.375000000000000000e+00
3.375000000000000000e+00
3.375000000000000000e+00
3.375000000000000000e+00
3.375000000000000000e+00
3.375000000000000000e+00
3.375000000000000000e+00
3.375000000000000000e+00
3.375000000000000000e+00
3.375000000000000000e+00
3.375000000000000000e+00
3.375000000000000000e+00
3.375000000000000000e+00
3.375000000000000000e+00
3.375000000000000000e+00
3.375000000000000000e+00
3.375000000000000000e+00
3.375000000000000000e+00
3.375000000000000000e+00
3.375000000000000000e+00
3.375000000000000000e+00
3.375000000000000000e+00
3.375000000000000000e+00
3.375000000000000000e+00
3.375000000000000000e+00
3.375000000000000000e+00
3.375000000000000000e+00
3.375000000000000000e+00
3.375000000000000000e+00
3.375000000000000000e+00
3.375000000000000000e+00
3.375000000000000000e+00
3.375000000000000000e+00
3.375000000000000000e+00
3.375000000000000000e+00
3.375000000000000000e+00
3.375000000000000000e+00
3.375000000000000000e+00
3.375000000000000000e+00
3.375000000000000000e+00
3.375000000000000000e+00
3.375000000000000000e+00
3.375000000000000000e+00
3.375000000000000000e+00
3.375000000000000000e+00
3.375000000000000000e+00
3.375000000000000000e+00
3.375000000000000000e+00
3.375000000000000000e+00
3.375000000000000000e+00
3.375000000000000000e+00
3.375000000000000000e+00
3.375000000000000000e+00
3.375000000000000000e+00
3.375000000000000000e+00
3.375000000000000000e+00
3.375000000000000000e+00
3.375000000000000000e+00
3.375000000000000000e+00
3.375000000000000000e+00
3.375000000000000000e+00
3.375000000000000000e+00
3.375000000000000000e+00
3.375000000000000000e+00
3.375000000000000000e+00
3.375000000000000000e+00
3.375000000000000000e+00
3.375000000000000000e+00
3.375000000000000000e+00
3.375000000000000000e+00
3.375000000000000000e+00
3.375000000000000000e+00
3.375000000000000000e+00
3.375000000000000000e+00
3.375000000000000000e+00
3.375000000000000000e+00
3.375000000000000000e+00
3.375000000000000000e+00
3.375000000000000000e+00
3.375000000000000000e+00
3.375000000000000000e+00
3.375000000000000000e+00
3.375000000000000000e+00
3.375000000000000000e+00
3.375000000000000000e+00
3.375000000000000000e+00
3.375000000000000000e+00
3.375000000000000000e+00
3.375000000000000000e+00
3.375000000000000000e+00
3.375000000000000000e+00
3.375000000000000000e+00
3.375000000000000000e+00
3.375000000000000000e+00
3.375000000000000000e+00
3.375000000000000000e+00
3.375000000000000000e+00
3.375000000000000000e+00
3.375000000000000000e+00
3.375000000000000000e+00
3.375000000000000000e+00
3.375000000000000000e+00
3.375000000000000000e+00
3.375000000000000000e+00
3.375000000000000000e+00
3.375000000000000000e+00
3.375000000000000000e+00
3.375000000000000000e+00
3.375000000000000000e+00
3.375000000000000000e+00
3.375000000000000000e+00
3.375000000000000000e+00
3.375000000000000000e+00
3.375000000000000000e+00
3.375000000000000000e+00
3.375000000000000000e+00
3.375000000000000000e+00
3.375000000000000000e+00
3.375000000000000000e+00
3.375000000000000000e+00
3.375000000000000000e+00
3.375000000000000000e+00
3.375000000000000000e+00
3.375000000000000000e+00
3.375000000000000000e+00
3.375000000000000000e+00
3.375000000000000000e+00
3.375000000000000000e+00
3.375000000000000000e+00
3.375000000000000000e+00
3.375000000000000000e+00
3.375000000000000000e+00
3.375000000000000000e+00
3.375000000000000000e+00
3.375000000000000000e+00
3.375000000000000000e+00
3.375000000000000000e+00
3.375000000000000000e+00
3.375000000000000000e+00
3.375000000000000000e+00
3.375000000000000000e+00
3.375000000000000000e+00
3.375000000000000000e+00
3.375000000000000000e+00
3.375000000000000000e+00
3.375000000000000000e+00
3.375000000000000000e+00
3.375000000000000000e+00
3.375000000000000000e+00
3.375000000000000000e+00
3.375000000000000000e+00
3.375000000000000000e+00
3.375000000000000000e+00
3.375000000000000000e+00
3.375000000000000000e+00
3.375000000000000000e+00
3.375000000000000000e+00
3.375000000000000000e+00
3.375000000000000000e+00
3.375000000000000000e+00
3.375000000000000000e+00
3.375000000000000000e+00
3.375000000000000000e+00
3.375000000000000000e+00
3.375000000000000000e+00
3.375000000000000000e+00
3.375000000000000000e+00
3.375000000000000000e+00
3.375000000000000000e+00
3.375000000000000000e+00
3.375000000000000000e+00
3.375000000000000000e+00
3.375000000000000000e+00
3.375000000000000000e+00
3.375000000000000000e+00
3.375000000000000000e+00
3.375000000000000000e+00
3.375000000000000000e+00
3.375000000000000000e+00
3.375000000000000000e+00
3.375000000000000000e+00
3.375000000000000000e+00
3.375000000000000000e+00
3.375000000000000000e+00
3.375000000000000000e+00
3.375000000000000000e+00
3.375000000000000000e+00
3.375000000000000000e+00
3.375000000000000000e+00
3.375000000000000000e+00
3.375000000000000000e+00
3.375000000000000000e+00
3.375000000000000000e+00
3.375000000000000000e+00
3.375000000000000000e+00
3.375000000000000000e+00
3.375000000000000000e+00
3.375000000000000000e+00
3.375000000000000000e+00
3.375000000000000000e+00
3.375000000000000000e+00
3.375000000000000000e+00
3.375000000000000000e+00
3.375000000000000000e+00
3.375000000000000000e+00
3.375000000000000000e+00
3.375000000000000000e+00
3.375000000000000000e+00
3.375000000000000000e+00
3.375000000000000000e+00
3.375000000000000000e+00
3.375000000000000000e+00
3.375000000000000000e+00
3.375000000000000000e+00
3.375000000000000000e+00
3.375000000000000000e+00
3.375000000000000000e+00
3.375000000000000000e+00
3.375000000000000000e+00
3.375000000000000000e+00
3.375000000000000000e+00
3.375000000000000000e+00
3.375000000000000000e+00
3.375000000000000000e+00
3.375000000000000000e+00
3.375000000000000000e+00
3.375000000000000000e+00
3.375000000000000000e+00
3.375000000000000000e+00
3.375000000000000000e+00
3.375000000000000000e+00
3.375000000000000000e+00
3.375000000000000000e+00
3.375000000000000000e+00
3.375000000000000000e+00
3.375000000000000000e+00
3.375000000000000000e+00
3.375000000000000000e+00
3.375000000000000000e+00
3.375000000000000000e+00
3.375000000000000000e+00
3.375000000000000000e+00
3.375000000000000000e+00
3.375000000000000000e+00
3.375000000000000000e+00
3.375000000000000000e+00
3.375000000000000000e+00
3.375000000000000000e+00
3.375000000000000000e+00
3.375000000000000000e+00
3.375000000000000000e+00
3.375000000000000000e+00
3.375000000000000000e+00
3.375000000000000000e+00
3.375000000000000000e+00
3.375000000000000000e+00
3.375000000000000000e+00
3.375000000000000000e+00
3.375000000000000000e+00
3.375000000000000000e+00
3.375000000000000000e+00
3.375000000000000000e+00
3.375000000000000000e+00
3.375000000000000000e+00
3.375000000000000000e+00
3.375000000000000000e+00
3.375000000000000000e+00
3.375000000000000000e+00
3.375000000000000000e+00
3.375000000000000000e+00
3.375000000000000000e+00
3.375000000000000000e+00
3.375000000000000000e+00
3.375000000000000000e+00
3.375000000000000000e+00
3.375000000000000000e+00
3.375000000000000000e+00
3.375000000000000000e+00
3.375000000000000000e+00
3.375000000000000000e+00
3.375000000000000000e+00
3.375000000000000000e+00
3.375000000000000000e+00
3.375000000000000000e+00
3.375000000000000000e+00
3.375000000000000000e+00
3.375000000000000000e+00
3.375000000000000000e+00
3.375000000000000000e+00
3.375000000000000000e+00
3.375000000000000000e+00
3.375000000000000000e+00
3.375000000000000000e+00
3.375000000000000000e+00
3.375000000000000000e+00
3.375000000000000000e+00
3.375000000000000000e+00
3.375000000000000000e+00
3.375000000000000000e+00
3.375000000000000000e+00
3.375000000000000000e+00
3.375000000000000000e+00
3.375000000000000000e+00
3.375000000000000000e+00
3.375000000000000000e+00
3.375000000000000000e+00
3.375000000000000000e+00
3.375000000000000000e+00
3.375000000000000000e+00
3.375000000000000000e+00
3.375000000000000000e+00
3.375000000000000000e+00
3.375000000000000000e+00
3.375000000000000000e+00
3.375000000000000000e+00
3.375000000000000000e+00
3.375000000000000000e+00
3.375000000000000000e+00
3.375000000000000000e+00
3.375000000000000000e+00
3.375000000000000000e+00
3.375000000000000000e+00
3.375000000000000000e+00
3.375000000000000000e+00
3.375000000000000000e+00
3.375000000000000000e+00
3.375000000000000000e+00
3.375000000000000000e+00
3.375000000000000000e+00
3.375000000000000000e+00
3.375000000000000000e+00
3.375000000000000000e+00
3.375000000000000000e+00
3.375000000000000000e+00
3.375000000000000000e+00
3.375000000000000000e+00
3.375000000000000000e+00
3.375000000000000000e+00
3.375000000000000000e+00
3.375000000000000000e+00
3.375000000000000000e+00
3.375000000000000000e+00
3.375000000000000000e+00
3.375000000000000000e+00
3.375000000000000000e+00
3.375000000000000000e+00
3.375000000000000000e+00
3.375000000000000000e+00
3.375000000000000000e+00
3.375000000000000000e+00
3.375000000000000000e+00
3.375000000000000000e+00
3.375000000000000000e+00
3.375000000000000000e+00
3.375000000000000000e+00
3.375000000000000000e+00
3.375000000000000000e+00
3.375000000000000000e+00
3.375000000000000000e+00
3.375000000000000000e+00
3.375000000000000000e+00
3.375000000000000000e+00
3.375000000000000000e+00
3.375000000000000000e+00
3.375000000000000000e+00
3.375000000000000000e+00
3.375000000000000000e+00
3.375000000000000000e+00
3.375000000000000000e+00
3.375000000000000000e+00
3.375000000000000000e+00
3.375000000000000000e+00
3.375000000000000000e+00
3.375000000000000000e+00
3.375000000000000000e+00
3.375000000000000000e+00
3.375000000000000000e+00
3.375000000000000000e+00
3.375000000000000000e+00
3.375000000000000000e+00
3.375000000000000000e+00
3.375000000000000000e+00
3.375000000000000000e+00
3.375000000000000000e+00
3.375000000000000000e+00
3.375000000000000000e+00
3.375000000000000000e+00
3.375000000000000000e+00
3.375000000000000000e+00
3.375000000000000000e+00
3.375000000000000000e+00
3.375000000000000000e+00
3.375000000000000000e+00
3.375000000000000000e+00
3.375000000000000000e+00
3.375000000000000000e+00
3.375000000000000000e+00
3.375000000000000000e+00
3.375000000000000000e+00
3.375000000000000000e+00
3.375000000000000000e+00
3.375000000000000000e+00
3.375000000000000000e+00
3.375000000000000000e+00
3.375000000000000000e+00
3.375000000000000000e+00
3.375000000000000000e+00
3.375000000000000000e+00
3.375000000000000000e+00
3.375000000000000000e+00
3.375000000000000000e+00
3.375000000000000000e+00
3.375000000000000000e+00
3.375000000000000000e+00
3.375000000000000000e+00
3.375000000000000000e+00
3.375000000000000000e+00
3.375000000000000000e+00
3.375000000000000000e+00
3.375000000000000000e+00
3.375000000000000000e+00
3.375000000000000000e+00
3.375000000000000000e+00
3.375000000000000000e+00
3.375000000000000000e+00
3.375000000000000000e+00
3.375000000000000000e+00
3.375000000000000000e+00
3.375000000000000000e+00
3.375000000000000000e+00
3.375000000000000000e+00
3.375000000000000000e+00
3.375000000000000000e+00
3.375000000000000000e+00
3.375000000000000000e+00
3.375000000000000000e+00
3.375000000000000000e+00
3.375000000000000000e+00
3.375000000000000000e+00
3.375000000000000000e+00
3.375000000000000000e+00
3.375000000000000000e+00
3.375000000000000000e+00
3.375000000000000000e+00
3.375000000000000000e+00
3.375000000000000000e+00
3.375000000000000000e+00
3.375000000000000000e+00
3.375000000000000000e+00
3.375000000000000000e+00
3.375000000000000000e+00
3.375000000000000000e+00
3.375000000000000000e+00
3.375000000000000000e+00
3.375000000000000000e+00
3.375000000000000000e+00
3.375000000000000000e+00
3.375000000000000000e+00
3.375000000000000000e+00
3.375000000000000000e+00
3.375000000000000000e+00
3.375000000000000000e+00
3.375000000000000000e+00
3.375000000000000000e+00
3.375000000000000000e+00
3.375000000000000000e+00
3.375000000000000000e+00
3.375000000000000000e+00
3.375000000000000000e+00
3.375000000000000000e+00
3.375000000000000000e+00
3.375000000000000000e+00
3.375000000000000000e+00
3.375000000000000000e+00
3.375000000000000000e+00
3.375000000000000000e+00
3.375000000000000000e+00
3.375000000000000000e+00
3.375000000000000000e+00
3.375000000000000000e+00
3.375000000000000000e+00
3.375000000000000000e+00
3.375000000000000000e+00
3.375000000000000000e+00
3.375000000000000000e+00
3.375000000000000000e+00
3.375000000000000000e+00
3.375000000000000000e+00
3.375000000000000000e+00
3.375000000000000000e+00
3.375000000000000000e+00
3.375000000000000000e+00
3.375000000000000000e+00
3.375000000000000000e+00
3.375000000000000000e+00
3.375000000000000000e+00
3.375000000000000000e+00
3.375000000000000000e+00
3.375000000000000000e+00
3.375000000000000000e+00
3.375000000000000000e+00
3.375000000000000000e+00
3.375000000000000000e+00
3.375000000000000000e+00
3.375000000000000000e+00
3.375000000000000000e+00
3.375000000000000000e+00
3.375000000000000000e+00
3.375000000000000000e+00
3.375000000000000000e+00
3.375000000000000000e+00
3.375000000000000000e+00
3.375000000000000000e+00
3.375000000000000000e+00
3.375000000000000000e+00
3.375000000000000000e+00
3.375000000000000000e+00
3.375000000000000000e+00
3.375000000000000000e+00
3.375000000000000000e+00
3.375000000000000000e+00
3.375000000000000000e+00
3.375000000000000000e+00
3.375000000000000000e+00
3.375000000000000000e+00
3.375000000000000000e+00
3.375000000000000000e+00
3.375000000000000000e+00
3.375000000000000000e+00
3.375000000000000000e+00
3.375000000000000000e+00
3.375000000000000000e+00
3.375000000000000000e+00
3.375000000000000000e+00
3.375000000000000000e+00
3.375000000000000000e+00
3.375000000000000000e+00
3.375000000000000000e+00
3.375000000000000000e+00
3.375000000000000000e+00
3.375000000000000000e+00
3.375000000000000000e+00
3.375000000000000000e+00
3.375000000000000000e+00
3.375000000000000000e+00
3.375000000000000000e+00
3.375000000000000000e+00
3.375000000000000000e+00
3.375000000000000000e+00
3.375000000000000000e+00
3.375000000000000000e+00
3.375000000000000000e+00
3.375000000000000000e+00
3.375000000000000000e+00
3.375000000000000000e+00
3.375000000000000000e+00
3.375000000000000000e+00
3.375000000000000000e+00
3.375000000000000000e+00
3.375000000000000000e+00
3.375000000000000000e+00
3.375000000000000000e+00
3.375000000000000000e+00
3.375000000000000000e+00
3.375000000000000000e+00
3.375000000000000000e+00
3.375000000000000000e+00
3.375000000000000000e+00
3.375000000000000000e+00
3.375000000000000000e+00
3.375000000000000000e+00
3.375000000000000000e+00
3.375000000000000000e+00
3.375000000000000000e+00
3.375000000000000000e+00
3.375000000000000000e+00
