2 6
2.238999999999999879e+00
2.336786419259488490e+00
2.425000822483812879e+00
2.495008169259488540e+00
2.539955652714245282e+00
2.555443499999999979e+00
2.429461499999999941e+00
2.488991615355870213e+00
2.542694508250004759e+00
2.585313365355870197e+00
2.612676355996905286e+00
2.622104999999999908e+00
0.000000000000000000e+00
0.000000000000000000e+00
0.000000000000000000e+00
0.000000000000000000e+00
0.000000000000000000e+00
0.000000000000000000e+00
0.000000000000000000e+00
0.000000000000000000e+00
0.000000000000000000e+00
0.000000000000000000e+00
0.000000000000000000e+00
0.000000000000000000e+00
-3.288176655710643476e-17
1.659421259793467385e-01
3.156406804810580335e-01
4.344421259793467271e-01
5.107173492504974988e-01
5.370000000000000329e-01
-3.288176655710643476e-17
1.659421259793467385e-01
3.156406804810580335e-01
4.344421259793467271e-01
5.107173492504974988e-01
5.370000000000000329e-01
