1 0
0.999519 0.000309775
0.999024 0.000491569
0.998514 0.000674578
0.997989 0.000858676
0.99745 0.00104374
0.996896 0.00122963
0.996328 0.00141623
0.995745 0.00160341
0.995148 0.00179104
0.994536 0.001979
0.99391 0.00216716
0.99327 0.00235539
0.992615 0.00254356
0.991946 0.00273155
0.991263 0.00291922
0.990565 0.00310646
0.989853 0.00329314
0.989127 0.00347912
0.988387 0.00366429
0.987632 0.00384851
0.986863 0.00403165
0.986081 0.0042136
0.985284 0.00439421
0.984473 0.00457337
0.983647 0.00475095
0.982808 0.00492682
0.981955 0.00510085
0.981088 0.00527292
0.980207 0.0054429
0.979312 0.00561066
0.978403 0.00577608
0.97748 0.00593902
0.976543 0.00609936
0.975593 0.00625698
0.974628 0.00641174
0.97365 0.00656352
0.972658 0.00671219
0.971652 0.00685763
0.970633 0.0069997
0.9696 0.00713829
0.968553 0.00727325
0.967492 0.00740448
0.966418 0.00753183
0.965331 0.00765518
0.964229 0.00777441
0.963115 0.00788938
0.961986 0.00799998
0.960844 0.00810606
0.959689 0.00820754
0.95852 0.00830437
0.957338 0.00839652
0.956142 0.00848396
0.954934 0.00856667
0.953712 0.0086446
0.952476 0.00871773
0.951228 0.00878603
0.949966 0.00884947
0.948691 0.00890802
0.947404 0.00896165
0.946103 0.00901032
0.944789 0.00905401
0.943462 0.00909269
0.942123 0.00912632
0.940771 0.00915488
0.939405 0.00917833
0.938028 0.00919665
0.936637 0.0092098
0.935234 0.00921775
0.933818 0.00922048
0.932389 0.00921795
0.930948 0.00921014
0.929495 0.009197
0.928029 0.00917852
0.92655 0.00915466
0.92506 0.00912539
0.923557 0.00909068
0.922041 0.00905049
0.920514 0.00900481
0.918974 0.0089536
0.917422 0.00889682
0.915858 0.00883445
0.914282 0.00876646
0.912694 0.00869282
0.911094 0.00861349
0.909482 0.00852845
0.907858 0.00843766
0.906222 0.0083411
0.904575 0.00823873
0.902915 0.00813053
0.901244 0.00801646
0.899562 0.0078965
0.897867 0.0077706
0.896161 0.00763875
0.894444 0.00750091
0.892715 0.00735706
0.890975 0.00720715
0.889223 0.0070512
0.887459 0.00688928
0.885685 0.00672145
0.883899 0.00654779
0.882102 0.00636835
0.880294 0.00618322
0.878475 0.00599246
0.876645 0.00579613
0.874804 0.00559431
0.872952 0.00538707
0.871089 0.00517448
0.869216 0.0049566
0.867331 0.0047335
0.865436 0.00450526
0.863531 0.00427194
0.861615 0.00403362
0.859688 0.00379035
0.857751 0.00354221
0.855804 0.00328927
0.853847 0.0030316
0.851879 0.00276927
0.849901 0.00250235
0.847913 0.00223089
0.845914 0.00195499
0.843906 0.00167469
0.841888 0.00139008
0.83986 0.00110123
0.837822 0.000808188
0.835775 0.00051104
0.833717 0.000209851
0.83165 -9.53102e-05
0.829574 -0.000404374
0.827488 -0.000717271
0.825392 -0.00103393
0.823287 -0.00135429
0.821173 -0.00167827
0.819049 -0.00200581
0.816916 -0.00233684
0.814774 -0.00267129
0.812623 -0.00300909
0.810462 -0.00335017
0.808293 -0.00369446
0.806115 -0.00404189
0.803928 -0.0043924
0.801732 -0.00474591
0.799527 -0.00510236
0.797314 -0.00546167
0.795091 -0.00582378
0.792861 -0.00618861
0.790622 -0.00655606
0.788374 -0.00692604
0.786118 -0.00729846
0.783853 -0.00767324
0.781581 -0.00805027
0.7793 -0.00842947
0.777011 -0.00881074
0.774714 -0.009194
0.77241 -0.00957915
0.770097 -0.0099661
0.767776 -0.0103548
0.765448 -0.010745
0.763112 -0.0111368
0.760769 -0.0115301
0.758418 -0.0119246
0.756059 -0.0123205
0.753693 -0.0127174
0.75132 -0.0131155
0.74894 -0.0135145
0.746552 -0.0139144
0.744158 -0.0143151
0.741756 -0.0147165
0.739347 -0.0151185
0.736932 -0.0155211
0.734509 -0.015924
0.73208 -0.0163273
0.729644 -0.0167308
0.727202 -0.0171345
0.724753 -0.0175382
0.722297 -0.0179419
0.719836 -0.0183455
0.717367 -0.0187489
0.714893 -0.019152
0.712412 -0.0195546
0.709926 -0.0199568
0.707433 -0.0203584
0.704934 -0.0207593
0.70243 -0.0211594
0.699919 -0.0215587
0.697403 -0.021957
0.694881 -0.0223543
0.692354 -0.0227505
0.689821 -0.0231455
0.687282 -0.0235391
0.684739 -0.0239313
0.682189 -0.024322
0.679635 -0.0247112
0.677075 -0.0250986
0.674511 -0.0254844
0.671941 -0.0258685
0.669366 -0.0262507
0.666786 -0.0266311
0.664202 -0.0270096
0.661613 -0.0273862
0.659019 -0.0277607
0.656421 -0.0281333
0.653818 -0.0285037
0.651211 -0.0288721
0.648599 -0.0292382
0.645984 -0.0296021
0.643364 -0.0299638
0.64074 -0.0303231
0.638112 -0.0306801
0.63548 -0.0310346
0.632844 -0.0313867
0.630204 -0.0317362
0.627561 -0.0320832
0.624914 -0.0324276
0.622264 -0.0327693
0.61961 -0.0331083
0.616953 -0.0334446
0.614292 -0.033778
0.611628 -0.0341087
0.608961 -0.0344364
0.606291 -0.0347611
0.603618 -0.0350829
0.600942 -0.0354016
0.598263 -0.0357173
0.595582 -0.0360298
0.592897 -0.0363391
0.590211 -0.0366452
0.587521 -0.036948
0.584829 -0.0372474
0.582135 -0.0375435
0.579439 -0.0378362
0.57674 -0.0381254
0.574039 -0.0384111
0.571336 -0.0386932
0.568631 -0.0389717
0.565925 -0.0392465
0.563216 -0.0395176
0.560506 -0.0397849
0.557794 -0.0400485
0.55508 -0.0403081
0.552365 -0.0405639
0.549649 -0.0408158
0.546931 -0.0410638
0.544211 -0.0413079
0.541491 -0.0415481
0.53877 -0.0417845
0.536047 -0.042017
0.533324 -0.0422457
0.530599 -0.0424706
0.527874 -0.0426916
0.525149 -0.0429088
0.522422 -0.0431222
0.519695 -0.0433319
0.516968 -0.0435377
0.51424 -0.0437398
0.511512 -0.0439381
0.508783 -0.0441327
0.506055 -0.0443235
0.503326 -0.0445106
0.500598 -0.044694
0.497869 -0.0448737
0.495141 -0.0450497
0.492413 -0.045222
0.489685 -0.0453906
0.486958 -0.0455556
0.484231 -0.0457169
0.481505 -0.0458745
0.478779 -0.0460286
0.476054 -0.046179
0.47333 -0.0463257
0.470607 -0.0464689
0.467885 -0.0466085
0.465164 -0.0467445
0.462444 -0.0468769
0.459725 -0.0470058
0.457008 -0.0471311
0.454292 -0.0472528
0.451577 -0.0473711
0.448864 -0.0474858
0.446153 -0.047597
0.443443 -0.0477047
0.440735 -0.0478089
0.438029 -0.0479096
0.435324 -0.0480068
0.432622 -0.0481006
0.429922 -0.0481909
0.427224 -0.0482778
0.424529 -0.0483613
0.421835 -0.0484413
0.419144 -0.048518
0.416456 -0.0485912
0.41377 -0.0486611
0.411087 -0.0487276
0.408406 -0.0487907
0.405729 -0.0488505
0.403054 -0.048907
0.400382 -0.0489601
0.397713 -0.0490099
0.395047 -0.0490565
0.392385 -0.0490998
0.389726 -0.0491398
0.38707 -0.0491765
0.384417 -0.0492101
0.381768 -0.0492404
0.379123 -0.0492674
0.376481 -0.0492913
0.373843 -0.049312
0.371209 -0.0493295
0.368578 -0.0493439
0.365952 -0.0493551
0.363329 -0.0493631
0.360711 -0.0493681
0.358097 -0.0493699
0.355487 -0.0493687
0.352881 -0.0493643
0.35028 -0.0493569
0.347684 -0.0493464
0.345092 -0.0493329
0.342504 -0.0493164
0.339921 -0.0492968
0.337344 -0.0492742
0.334771 -0.0492487
0.332203 -0.0492201
0.32964 -0.0491886
0.327082 -0.0491541
0.324529 -0.0491167
0.321981 -0.0490764
0.319439 -0.0490331
0.316903 -0.0489869
0.314371 -0.0489379
0.311846 -0.048886
0.309326 -0.0488312
0.306811 -0.0487735
0.304303 -0.048713
0.3018 -0.0486497
0.299304 -0.0485836
0.296813 -0.0485147
0.294329 -0.048443
0.29185 -0.0483686
0.289378 -0.0482914
0.286912 -0.0482116
0.284453 -0.0481292
0.282 -0.0480441
0.279554 -0.0479564
0.277114 -0.0478661
0.27468 -0.0477733
0.272254 -0.047678
0.269834 -0.0475803
0.267421 -0.04748
0.265015 -0.0473774
0.262616 -0.0472724
0.260224 -0.0471649
0.25784 -0.0470552
0.255462 -0.0469432
0.253092 -0.0468288
0.250729 -0.0467123
0.248373 -0.0465935
0.246025 -0.0464725
0.243684 -0.0463493
0.241351 -0.046224
0.239026 -0.0460966
0.236709 -0.0459672
0.234399 -0.0458357
0.232097 -0.0457021
0.229803 -0.0455666
0.227517 -0.0454291
0.22524 -0.0452897
0.22297 -0.0451484
0.220709 -0.0450052
0.218456 -0.0448601
0.216211 -0.0447133
0.213975 -0.0445646
0.211747 -0.0444142
0.209528 -0.0442621
0.207317 -0.0441082
0.205115 -0.0439527
0.202922 -0.0437956
0.200738 -0.0436368
0.198562 -0.0434764
0.196396 -0.0433145
0.194239 -0.0431511
0.192091 -0.0429861
0.189952 -0.0428197
0.187822 -0.0426518
0.185701 -0.0424825
0.18359 -0.0423119
0.181489 -0.0421398
0.179397 -0.0419663
0.177314 -0.0417914
0.175241 -0.0416152
0.173178 -0.0414376
0.171124 -0.0412587
0.16908 -0.0410784
0.167046 -0.0408968
0.165022 -0.0407139
0.163008 -0.0405298
0.161004 -0.0403443
0.159009 -0.0401575
0.157025 -0.0399695
0.155051 -0.0397802
0.153088 -0.0395897
0.151134 -0.0393979
0.149191 -0.0392049
0.147258 -0.0390107
0.145336 -0.0388154
0.143424 -0.0386188
0.141523 -0.038421
0.139632 -0.0382221
0.137752 -0.038022
0.135882 -0.0378208
0.134024 -0.0376184
0.132176 -0.0374149
0.130339 -0.0372103
0.128513 -0.0370046
0.126698 -0.0367978
0.124894 -0.0365899
0.123101 -0.036381
0.121319 -0.036171
0.119549 -0.0359599
0.11779 -0.0357478
0.116042 -0.0355347
0.114305 -0.0353206
0.11258 -0.0351055
0.110866 -0.0348894
0.109164 -0.0346723
0.107474 -0.0344542
0.105795 -0.0342352
0.104128 -0.0340152
0.102472 -0.0337943
0.100829 -0.0335725
0.0991969 -0.0333498
0.0975771 -0.0331261
0.0959693 -0.0329016
0.0943735 -0.0326762
0.0927897 -0.0324499
0.091218 -0.0322227
0.0896585 -0.0319947
0.0881111 -0.0317658
0.0865759 -0.031536
0.085053 -0.0313055
0.0835424 -0.0310741
0.082044 -0.0308418
0.0805581 -0.0306088
0.0790845 -0.030375
0.0776234 -0.0301403
0.0761748 -0.0299049
0.0747387 -0.0296687
0.0733152 -0.0294317
0.0719042 -0.029194
0.0705059 -0.0289555
0.0691203 -0.0287162
0.0677474 -0.0284762
0.0663872 -0.0282355
0.0650398 -0.0279941
0.0637053 -0.0277519
0.0623837 -0.027509
0.0610749 -0.0272655
0.0597791 -0.0270212
0.0584963 -0.0267762
0.0572265 -0.0265306
0.0559698 -0.0262843
0.0547262 -0.0260373
0.0534957 -0.0257897
0.0522785 -0.0255415
0.0510744 -0.0252926
0.0498836 -0.0250431
0.0487062 -0.0247929
0.047542 -0.0245422
0.0463912 -0.0242908
0.0452539 -0.0240389
0.04413 -0.0237863
0.0430196 -0.0235332
0.0419228 -0.0232795
0.0408395 -0.0230252
0.0397699 -0.0227704
0.0387139 -0.0225151
0.0376715 -0.0222591
0.036643 -0.0220027
0.0356282 -0.0217458
0.0346272 -0.0214883
0.03364 -0.0212302
0.0326667 -0.0209716
0.0317073 -0.0207123
0.0307617 -0.0204522
0.0298301 -0.0201914
0.0289124 -0.0199298
0.0280087 -0.0196672
0.0271189 -0.0194037
0.0262431 -0.0191392
0.0253814 -0.0188737
0.0245336 -0.018607
0.0237 -0.0183391
0.0228803 -0.01807
0.0220748 -0.0177997
0.0212834 -0.017528
0.0205061 -0.0172548
0.019743 -0.0169803
0.018994 -0.0167042
0.0182592 -0.0164266
0.0175386 -0.0161473
0.0168323 -0.0158663
0.0161402 -0.0155837
0.0154623 -0.0152992
0.0147988 -0.0150129
0.0141495 -0.0147246
0.0135146 -0.0144345
0.012894 -0.0141423
0.0122878 -0.013848
0.011696 -0.0135516
0.0111185 -0.013253
0.0105555 -0.0129521
0.0100069 -0.012649
0.00947283 -0.0123435
0.0089532 -0.0120356
0.00844806 -0.0117253
0.00795745 -0.0114124
0.00748137 -0.0110969
0.00701986 -0.0107788
0.00657292 -0.0104581
0.00614057 -0.0101345
0.00572285 -0.00980818
0.00531976 -0.00947898
0.00493133 -0.00914687
0.00455757 -0.00881178
0.00419851 -0.00847367
0.00385416 -0.00813247
0.00352455 -0.00778813
0.00320968 -0.00744061
0.00290958 -0.00708998
0.00262422 -0.00673631
0.00235362 -0.0063797
0.00209777 -0.00602023
0.00185667 -0.005658
0.00163032 -0.0052931
0.00141872 -0.00492561
0.00122187 -0.00455563
0.00103976 -0.00418324
0.000872403 -0.00380853
0.000719789 -0.00343159
0.000581919 -0.00305251
0.000458792 -0.00267138
0.000350409 -0.0022883
0.000256766 -0.00190334
0.000177864 -0.00151659
0.000113702 -0.00112816
6.42788e-05 -0.000738114
2.95932e-05 -0.000346557
9.64444e-06 4.64256e-05
4.43163e-06 0.000440745
1.39538e-05 0.000836313
3.82101e-05 0.00123304
7.71996e-05 0.00163083
0.000130921 0.00202961
0.000199374 0.00242928
0.000282558 0.00282974
0.00038047 0.00323092
0.000493112 0.00363273
0.000620481 0.00403507
0.000762576 0.00443785
0.000919397 0.00484099
0.00109094 0.0052444
0.00127721 0.00564798
0.00147821 0.00605165
0.00169392 0.00645533
0.00192436 0.00685891
0.00216951 0.00726231
0.00242939 0.00766545
0.00270398 0.00806822
0.00299329 0.00847055
0.00329732 0.00887235
0.00361606 0.00927352
0.00394952 0.00967397
0.00429769 0.0100736
0.00466058 0.0104724
0.00503817 0.0108702
0.00543047 0.0112669
0.00583746 0.0116625
0.00625912 0.0120571
0.00669542 0.0124505
0.00714635 0.0128428
0.00761187 0.013234
0.00809198 0.013624
0.00858665 0.0140128
0.00909586 0.0144004
0.00961958 0.0147869
0.0101578 0.0151721
0.0107105 0.015556
0.0112776 0.0159387
0.0118592 0.0163202
0.0124552 0.0167003
0.0130656 0.0170792
0.0136903 0.0174567
0.0143294 0.0178329
0.0149828 0.0182078
0.0156506 0.0185812
0.0163326 0.0189533
0.0170288 0.019324
0.0177393 0.0196933
0.0184641 0.0200612
0.019203 0.0204276
0.0199561 0.0207925
0.0207233 0.021156
0.0215047 0.021518
0.0223002 0.0218784
0.0231098 0.0222374
0.0239335 0.0225948
0.0247712 0.0229506
0.0256229 0.0233049
0.0264886 0.0236576
0.0273683 0.0240086
0.028262 0.0243581
0.0291696 0.0247059
0.0300912 0.0250521
0.0310266 0.0253966
0.0319759 0.0257394
0.0329391 0.0260805
0.0339161 0.0264199
0.0349069 0.0267576
0.0359115 0.0270935
0.0369299 0.0274276
0.037962 0.02776
0.0390079 0.0280906
0.0400675 0.0284194
0.0411407 0.0287463
0.0422276 0.0290715
0.0433281 0.0293948
0.0444421 0.0297165
0.0455697 0.0300364
0.0467107 0.0303545
0.0478652 0.030671
0.049033 0.0309859
0.0502143 0.031299
0.0514088 0.0316106
0.0526166 0.0319205
0.0538376 0.0322289
0.0550718 0.0325357
0.0563192 0.0328409
0.0575797 0.0331447
0.0588533 0.0334469
0.0601398 0.0337477
0.0614394 0.034047
0.0627519 0.0343448
0.0640774 0.0346413
0.0654156 0.0349363
0.0667668 0.03523
0.0681307 0.0355224
0.0695073 0.0358134
0.0708966 0.0361031
0.0722986 0.0363915
0.0737133 0.0366786
0.0751405 0.0369645
0.0765802 0.0372492
0.0780325 0.0375327
0.0794972 0.037815
0.0809743 0.0380961
0.0824638 0.0383761
0.0839656 0.038655
0.0854797 0.0389327
0.0870061 0.0392094
0.0885447 0.0394851
0.0900955 0.0397597
0.0916584 0.0400333
0.0932334 0.0403059
0.0948204 0.0405776
0.0964195 0.0408483
0.0980305 0.0411181
0.0996534 0.0413869
0.101288 0.0416549
0.102935 0.0419221
0.104593 0.0421883
0.106264 0.0424538
0.107946 0.0427184
0.109639 0.0429823
0.111345 0.0432452
0.113061 0.0435073
0.11479 0.0437686
0.116529 0.0440289
0.11828 0.0442884
0.120043 0.0445469
0.121816 0.0448045
0.123601 0.0450611
0.125397 0.0453168
0.127205 0.0455715
0.129023 0.0458252
0.130852 0.0460778
0.132692 0.0463295
0.134543 0.0465801
0.136405 0.0468297
0.138277 0.0470782
0.14016 0.0473256
0.142054 0.0475719
0.143958 0.0478171
0.145873 0.0480612
0.147799 0.0483041
0.149735 0.0485459
0.151681 0.0487864
0.153637 0.0490258
0.155604 0.049264
0.157581 0.049501
0.159568 0.0497367
0.161565 0.0499712
0.163572 0.0502044
0.165589 0.0504364
0.167616 0.050667
0.169653 0.0508963
0.1717 0.0511243
0.173756 0.051351
0.175822 0.0515763
0.177898 0.0518002
0.179983 0.0520228
0.182078 0.052244
0.184182 0.0524637
0.186295 0.052682
0.188418 0.0528989
0.19055 0.0531143
0.192692 0.0533282
0.194842 0.0535406
0.197002 0.0537516
0.199171 0.053961
0.201348 0.0541688
0.203535 0.0543752
0.20573 0.0545799
0.207934 0.0547831
0.210147 0.0549847
0.212369 0.0551848
0.214599 0.0553832
0.216838 0.0555799
0.219085 0.0557751
0.22134 0.0559686
0.223604 0.0561604
0.225876 0.0563506
0.228156 0.0565391
0.230444 0.0567259
0.23274 0.0569109
0.235044 0.0570943
0.237356 0.0572759
0.239676 0.0574558
0.242004 0.0576339
0.244339 0.0578102
0.246682 0.0579847
0.249032 0.0581575
0.25139 0.0583284
0.253755 0.0584975
0.256127 0.0586648
0.258507 0.0588302
0.260894 0.0589938
0.263288 0.0591555
0.265689 0.0593153
0.268097 0.0594732
0.270512 0.0596292
0.272934 0.0597833
0.275362 0.0599354
0.277797 0.0600856
0.280239 0.0602338
0.282687 0.06038
0.285142 0.0605243
0.287603 0.0606665
0.290071 0.0608068
0.292545 0.060945
0.295025 0.0610812
0.297511 0.0612153
0.300003 0.0613474
0.302501 0.0614774
0.305005 0.0616053
0.307515 0.0617311
0.310031 0.0618548
0.312553 0.0619763
0.31508 0.0620957
0.317613 0.062213
0.320151 0.0623282
0.322694 0.0624411
0.325243 0.0625519
0.327797 0.0626606
0.330357 0.062767
0.332921 0.0628713
0.33549 0.0629733
0.338065 0.0630732
0.340644 0.0631708
0.343228 0.0632662
0.345817 0.0633594
0.34841 0.0634503
0.351008 0.063539
0.353611 0.0636254
0.356217 0.0637096
0.358828 0.0637915
0.361444 0.0638711
0.364063 0.0639484
0.366687 0.0640235
0.369315 0.0640962
0.371946 0.0641666
0.374581 0.0642347
0.377221 0.0643005
0.379864 0.0643639
0.38251 0.064425
0.38516 0.0644837
0.387814 0.0645401
0.390471 0.0645941
0.393131 0.0646457
0.395794 0.0646949
0.398461 0.0647418
0.401131 0.0647862
0.403803 0.0648282
0.406479 0.0648679
0.409157 0.0649051
0.411839 0.0649398
0.414523 0.0649721
0.417209 0.065002
0.419898 0.0650294
0.42259 0.0650543
0.425284 0.0650768
0.42798 0.0650968
0.430679 0.0651143
0.433379 0.0651293
0.436082 0.0651418
0.438787 0.0651518
0.441493 0.0651592
0.444202 0.0651642
0.446912 0.0651666
0.449624 0.0651666
0.452337 0.065164
0.455052 0.065159
0.457769 0.0651514
0.460487 0.0651414
0.463206 0.0651289
0.465926 0.0651139
0.468647 0.0650964
0.47137 0.0650764
0.474093 0.0650539
0.476818 0.065029
0.479543 0.0650016
0.482268 0.0649717
0.484995 0.0649394
0.487722 0.0649046
0.490449 0.0648673
0.493177 0.0648276
0.495905 0.0647854
0.498633 0.0647408
0.501362 0.0646937
0.50409 0.0646442
0.506819 0.0645922
0.509548 0.0645378
0.512276 0.064481
0.515004 0.0644217
0.517732 0.06436
0.520459 0.0642958
0.523186 0.0642292
0.525912 0.0641602
0.528638 0.0640888
0.531363 0.064015
0.534087 0.0639387
0.53681 0.06386
0.539532 0.0637789
0.542253 0.0636955
0.544973 0.0636096
0.547692 0.0635213
0.55041 0.0634306
0.553126 0.0633375
0.555841 0.063242
0.558554 0.0631441
0.561265 0.0630439
0.563975 0.0629412
0.566683 0.0628362
0.56939 0.0627288
0.572094 0.0626189
0.574796 0.0625067
0.577497 0.062392
0.580195 0.0622748
0.582891 0.0621551
0.585584 0.0620329
0.588275 0.0619081
0.590964 0.0617808
0.59365 0.0616508
0.596333 0.0615182
0.599014 0.061383
0.601692 0.0612451
0.604367 0.0611045
0.607039 0.0609612
0.609709 0.0608151
0.612375 0.0606663
0.615038 0.0605147
0.617697 0.0603602
0.620354 0.0602029
0.623006 0.0600428
0.625656 0.0598797
0.628302 0.0597137
0.630944 0.0595448
0.633582 0.059373
0.636217 0.0591981
0.638848 0.0590202
0.641475 0.0588393
0.644098 0.0586554
0.646716 0.0584683
0.649331 0.0582782
0.651941 0.0580849
0.654547 0.0578884
0.657149 0.0576888
0.659746 0.0574859
0.662338 0.0572798
0.664926 0.0570705
0.667509 0.0568579
0.670088 0.056642
0.672661 0.0564228
0.675229 0.0562002
0.677793 0.0559742
0.680351 0.0557449
0.682904 0.0555121
0.685452 0.0552758
0.687995 0.0550361
0.690532 0.0547929
0.693063 0.0545462
0.695589 0.0542959
0.69811 0.0540423
0.700624 0.0537853
0.703133 0.053525
0.705636 0.0532615
0.708133 0.0529949
0.710624 0.0527253
0.713109 0.0524527
0.715588 0.0521773
0.71806 0.051899
0.720527 0.0516181
0.722987 0.0513345
0.72544 0.0510484
0.727887 0.0507599
0.730328 0.0504689
0.732762 0.0501756
0.735189 0.0498802
0.737609 0.0495825
0.740023 0.0492828
0.742429 0.0489812
0.744829 0.0486776
0.747222 0.0483722
0.749607 0.0480651
0.751985 0.0477563
0.754356 0.0474459
0.75672 0.047134
0.759077 0.0468207
0.761425 0.0465061
0.763767 0.0461902
0.7661 0.0458732
0.768426 0.045555
0.770745 0.0452358
0.773055 0.0449157
0.775358 0.0445948
0.777652 0.0442731
0.779939 0.0439506
0.782218 0.0436276
0.784488 0.0433041
0.78675 0.04298
0.789004 0.0426557
0.791249 0.042331
0.793486 0.0420061
0.795715 0.0416811
0.797934 0.0413561
0.800146 0.041031
0.802348 0.0407061
0.804542 0.0403814
0.806727 0.040057
0.808902 0.0397329
0.811069 0.0394091
0.813227 0.0390857
0.815376 0.0387627
0.817515 0.0384401
0.819646 0.038118
0.821767 0.0377963
0.823879 0.0374751
0.825981 0.0371544
0.828074 0.0368342
0.830157 0.0365146
0.832231 0.0361955
0.834295 0.035877
0.83635 0.0355591
0.838395 0.0352419
0.84043 0.0349253
0.842455 0.0346093
0.84447 0.0342941
0.846475 0.0339796
0.848471 0.0336658
0.850456 0.0333528
0.852431 0.0330406
0.854396 0.0327291
0.85635 0.0324185
0.858295 0.0321088
0.860228 0.0317999
0.862152 0.0314919
0.864065 0.0311848
0.865967 0.0308787
0.867859 0.0305735
0.86974 0.0302692
0.871611 0.029966
0.873471 0.0296638
0.87532 0.0293626
0.877158 0.0290625
0.878985 0.0287635
0.880801 0.0284656
0.882606 0.0281688
0.8844 0.0278732
0.886182 0.0275788
0.887954 0.0272855
0.889714 0.0269934
0.891463 0.0267026
0.8932 0.0264131
0.894926 0.0261248
0.896641 0.0258378
0.898344 0.0255521
0.900035 0.0252678
0.901715 0.0249848
0.903383 0.0247031
0.905039 0.0244225
0.906683 0.0241431
0.908316 0.0238648
0.909936 0.0235875
0.911545 0.0233111
0.913142 0.0230357
0.914726 0.0227611
0.916299 0.0224873
0.917859 0.0222142
0.919408 0.0219418
0.920944 0.02167
0.922468 0.0213988
0.92398 0.021128
0.925479 0.0208577
0.926966 0.0205878
0.928441 0.0203182
0.929903 0.0200489
0.931353 0.0197797
0.932791 0.0195108
0.934215 0.0192419
0.935628 0.018973
0.937027 0.0187041
0.938414 0.0184351
0.939788 0.018166
0.94115 0.0178967
0.942498 0.0176271
0.943834 0.0173572
0.945157 0.0170869
0.946467 0.0168162
0.947764 0.016545
0.949048 0.0162732
0.950319 0.0160008
0.951577 0.0157277
0.952822 0.015454
0.954054 0.0151794
0.955272 0.014904
0.956478 0.0146277
0.957669 0.0143504
0.958848 0.0140721
0.960013 0.0137927
0.961165 0.0135122
0.962303 0.0132305
0.963428 0.0129475
0.964539 0.0126633
0.965637 0.0123776
0.966721 0.0120906
0.967792 0.0118022
0.968849 0.0115126
0.969892 0.0112219
0.970921 0.0109302
0.971937 0.0106377
0.972939 0.0103445
0.973927 0.0100507
0.974901 0.00975641
0.975861 0.00946178
0.976808 0.00916693
0.977741 0.00887197
0.97866 0.00857705
0.979565 0.00828227
0.980456 0.00798776
0.981333 0.00769365
0.982196 0.00740005
0.983045 0.0071071
0.98388 0.00681492
0.984701 0.00652362
0.985508 0.00623334
0.986301 0.0059442
0.98708 0.00565632
0.987845 0.00536982
0.988595 0.00508483
0.989331 0.00480148
0.990053 0.00451988
0.990761 0.00424015
0.991455 0.00396244
0.992134 0.00368685
0.992799 0.00341351
0.99345 0.00314254
0.994087 0.00287407
0.994709 0.00260823
0.995316 0.00234513
0.99591 0.0020849
0.996488 0.00182766
0.997053 0.00157354
0.997603 0.00132265
0.998138 0.00107514
0.998659 0.000831106
0.999166 0.000590687
0.999658 0.000354003
1 0
