4 11
2.500000000000000000e+00
2.500000000000000000e+00
2.500000000000000000e+00
2.500000000000000000e+00
2.500000000000000000e+00
2.500000000000000000e+00
2.500000000000000000e+00
2.500000000000000000e+00
2.500000000000000000e+00
2.500000000000000000e+00
2.500000000000000000e+00
2.833333333333333481e+00
2.833333333333333481e+00
2.833333333333333481e+00
2.833333333333333481e+00
2.833333333333333481e+00
2.833333333333333481e+00
2.833333333333333481e+00
2.833333333333333481e+00
2.833333333333333481e+00
2.833333333333333481e+00
2.833333333333333481e+00
3.166666666666666519e+00
3.166666666666666519e+00
3.166666666666666519e+00
3.166666666666666519e+00
3.166666666666666519e+00
3.166666666666666519e+00
3.166666666666666519e+00
3.166666666666666519e+00
3.166666666666666519e+00
3.166666666666666519e+00
3.166666666666666519e+00
3.500000000000000000e+00
3.500000000000000000e+00
3.500000000000000000e+00
3.500000000000000000e+00
3.500000000000000000e+00
3.500000000000000000e+00
3.500000000000000000e+00
3.500000000000000000e+00
3.500000000000000000e+00
3.500000000000000000e+00
3.500000000000000000e+00
-4.500000000000000000e+00
-4.279754323328190502e+00
-3.640576474687263087e+00
-2.645033635316128784e+00
-1.390576474687263087e+00
-2.755455298081544778e-16
1.390576474687263087e+00
2.645033635316128784e+00
3.640576474687263087e+00
4.279754323328190502e+00
4.500000000000000000e+00
-4.500000000000000000e+00
-4.279754323328190502e+00
-3.640576474687263087e+00
-2.645033635316128784e+00
-1.390576474687263087e+00
-2.755455298081544778e-16
1.390576474687263087e+00
2.645033635316128784e+00
3.640576474687263087e+00
4.279754323328190502e+00
4.500000000000000000e+00
-4.500000000000000000e+00
-4.279754323328190502e+00
-3.640576474687263087e+00
-2.645033635316128784e+00
-1.390576474687263087e+00
-2.755455298081544778e-16
1.390576474687263087e+00
2.645033635316128784e+00
3.640576474687263087e+00
4.279754323328190502e+00
4.500000000000000000e+00
-4.500000000000000000e+00
-4.279754323328190502e+00
-3.640576474687263087e+00
-2.645033635316128784e+00
-1.390576474687263087e+00
-2.755455298081544778e-16
1.390576474687263087e+00
2.645033635316128784e+00
3.640576474687263087e+00
4.279754323328190502e+00
4.500000000000000000e+00
0.000000000000000000e+00
0.000000000000000000e+00
0.000000000000000000e+00
0.000000000000000000e+00
0.000000000000000000e+00
0.000000000000000000e+00
0.000000000000000000e+00
0.000000000000000000e+00
0.000000000000000000e+00
0.000000000000000000e+00
0.000000000000000000e+00
0.000000000000000000e+00
0.000000000000000000e+00
0.000000000000000000e+00
0.000000000000000000e+00
0.000000000000000000e+00
-0.000000000000000000e+00
0.000000000000000000e+00
0.000000000000000000e+00
0.000000000000000000e+00
0.000000000000000000e+00
0.000000000000000000e+00
0.000000000000000000e+00
0.000000000000000000e+00
0.000000000000000000e+00
0.000000000000000000e+00
0.000000000000000000e+00
-0.000000000000000000e+00
0.000000000000000000e+00
0.000000000000000000e+00
0.000000000000000000e+00
0.000000000000000000e+00
0.000000000000000000e+00
0.000000000000000000e+00
0.000000000000000000e+00
0.000000000000000000e+00
0.000000000000000000e+00
0.000000000000000000e+00
-0.000000000000000000e+00
0.000000000000000000e+00
0.000000000000000000e+00
0.000000000000000000e+00
0.000000000000000000e+00
0.000000000000000000e+00
