6 101
2.964644660940672694e+00
2.961329266211595090e+00
2.952769352915592727e+00
2.941237569905428728e+00
2.928184477063614288e+00
2.914341691670975010e+00
2.900079783989180982e+00
2.885600981868117199e+00
2.871025751913242274e+00
2.856432196277553626e+00
2.841875013598052835e+00
2.827395204499523640e+00
2.813025330687652037e+00
2.798792510824971380e+00
2.784720202352829244e+00
2.770829301074234863e+00
2.757138841363038662e+00
2.743666454041615577e+00
2.730428672497251519e+00
2.717441141069965482e+00
2.704718758935458212e+00
2.692275780472399127e+00
2.680125885701264643e+00
2.668282229786465010e+00
2.656757477672795353e+00
2.645563828031054499e+00
2.634713029432394826e+00
2.624216390825038214e+00
2.614084787807477994e+00
2.604328665789232389e+00
2.594958040845909419e+00
2.585982498872140933e+00
2.577411193488982732e+00
2.569252843054767421e+00
2.561515727048834012e+00
2.554207682038063254e+00
2.547336097391239562e+00
2.540907910872033604e+00
2.534929604215084176e+00
2.529407198769213050e+00
2.524346251275800146e+00
2.519751849837697844e+00
2.515628610123950892e+00
2.511980671847455326e+00
2.508811695546044884e+00
2.506124859692037354e+00
2.503922858150696928e+00
2.502207898004216169e+00
2.500981697754493194e+00
2.500245485915068233e+00
2.500000000000000000e+00
2.500245485915068233e+00
2.500981697754493194e+00
2.502207898004216169e+00
2.503922858150696928e+00
2.506124859692037354e+00
2.508811695546044884e+00
2.511980671847455326e+00
2.515628610123950892e+00
2.519751849837697844e+00
2.524346251275800146e+00
2.529407198769213050e+00
2.534929604215084176e+00
2.540907910872033604e+00
2.547336097391239562e+00
2.554207682038063254e+00
2.561515727048834012e+00
2.569252843054767421e+00
2.577411193488982732e+00
2.585982498872140933e+00
2.594958040845909419e+00
2.604328665789232389e+00
2.614084787807477994e+00
2.624216390825038214e+00
2.634713029432394826e+00
2.645563828031054499e+00
2.656757477672795353e+00
2.668282229786465010e+00
2.680125885701264643e+00
2.692275780472399127e+00
2.704718758935458212e+00
2.717441141069965482e+00
2.730428672497251519e+00
2.743666454041615577e+00
2.757138841363038662e+00
2.770829301074234863e+00
2.784720202352829244e+00
2.798792510824971380e+00
2.813025330687652037e+00
2.827395204499523640e+00
2.841875013598052835e+00
2.856432196277553626e+00
2.871025751913242274e+00
2.885600981868117199e+00
2.900079783989180982e+00
2.914341691670975010e+00
2.928184477063614288e+00
2.941237569905428728e+00
2.952769352915592727e+00
2.961329266211595090e+00
2.964644660940672694e+00
2.978786796564403705e+00
2.976797559726957143e+00
2.971661611749355725e+00
2.964742541943257148e+00
2.956910686238168662e+00
2.948605015002585095e+00
2.940047870393508678e+00
2.931360589120870497e+00
2.922615451147945187e+00
2.913859317766532175e+00
2.905125008158831790e+00
2.896437122699714095e+00
2.887815198412591045e+00
2.879275506494982650e+00
2.870832121411697635e+00
2.862497580644540740e+00
2.854283304817823108e+00
2.846199872424969524e+00
2.838257203498351089e+00
2.830464684641979201e+00
2.822831255361275105e+00
2.815365468283439476e+00
2.808075531420758608e+00
2.800969337871879183e+00
2.794054486603676946e+00
2.787338296818632433e+00
2.780827817659436985e+00
2.774529834495023106e+00
2.768450872684486530e+00
2.762597199473539433e+00
2.756974824507545385e+00
2.751589499323284560e+00
2.746446716093389639e+00
2.741551705832860453e+00
2.736909436229300496e+00
2.732524609222838130e+00
2.728401658434743915e+00
2.724544746523219985e+00
2.720957762529050861e+00
2.717644319261527830e+00
2.714607750765479999e+00
2.711851109902618795e+00
2.709377166074370624e+00
2.707188403108473196e+00
2.705287017327627108e+00
2.703674915815222235e+00
2.702353714890418424e+00
2.701324738802529879e+00
2.700589018652695739e+00
2.700147291549040762e+00
2.700000000000000178e+00
2.700147291549040762e+00
2.700589018652695739e+00
2.701324738802529879e+00
2.702353714890418424e+00
2.703674915815222235e+00
2.705287017327627108e+00
2.707188403108473196e+00
2.709377166074370624e+00
2.711851109902618795e+00
2.714607750765479999e+00
2.717644319261527830e+00
2.720957762529050861e+00
2.724544746523219985e+00
2.728401658434743915e+00
2.732524609222838130e+00
2.736909436229300496e+00
2.741551705832860453e+00
2.746446716093389639e+00
2.751589499323284560e+00
2.756974824507545385e+00
2.762597199473539433e+00
2.768450872684486530e+00
2.774529834495023106e+00
2.780827817659436985e+00
2.787338296818632433e+00
2.794054486603676946e+00
2.800969337871879183e+00
2.808075531420758608e+00
2.815365468283439476e+00
2.822831255361275105e+00
2.830464684641979201e+00
2.838257203498351089e+00
2.846199872424969524e+00
2.854283304817823108e+00
2.862497580644540740e+00
2.870832121411697635e+00
2.879275506494982650e+00
2.887815198412591045e+00
2.896437122699714095e+00
2.905125008158831790e+00
2.913859317766532175e+00
2.922615451147945187e+00
2.931360589120870497e+00
2.940047870393508678e+00
2.948605015002585095e+00
2.956910686238168662e+00
2.964742541943257148e+00
2.971661611749355725e+00
2.976797559726957143e+00
2.978786796564403705e+00
2.992928932188134716e+00
2.992265853242319196e+00
2.990553870583118723e+00
2.988247513981085568e+00
2.985636895412723035e+00
2.982868338334195180e+00
2.980015956797836374e+00
2.977120196373623351e+00
2.974205150382648544e+00
2.971286439255510725e+00
2.968375002719610745e+00
2.965479040899904550e+00
2.962605066137530496e+00
2.959758502164994365e+00
2.956944040470565582e+00
2.954165860214847061e+00
2.951427768272607999e+00
2.948733290808323027e+00
2.946085734499450215e+00
2.943488228213992919e+00
2.940943751787091553e+00
2.938455156094479825e+00
2.936025177140253017e+00
2.933656445957292913e+00
2.931351495534558982e+00
2.929112765606210811e+00
2.926942605886479143e+00
2.924843278165007554e+00
2.922816957561495510e+00
2.920865733157846478e+00
2.918991608169181795e+00
2.917196499774428187e+00
2.915482238697796546e+00
2.913850568610953484e+00
2.912303145409766536e+00
2.910841536407612562e+00
2.909467219478247824e+00
2.908181582174406810e+00
2.906985920843016657e+00
2.905881439753842610e+00
2.904869250255160296e+00
2.903950369967539746e+00
2.903125722024790356e+00
2.902396134369491065e+00
2.901762339109208888e+00
2.901224971938407560e+00
2.900784571630139475e+00
2.900441579600843145e+00
2.900196339550898728e+00
2.900049097183013735e+00
2.899999999999999911e+00
2.900049097183013735e+00
2.900196339550898728e+00
2.900441579600843145e+00
2.900784571630139475e+00
2.901224971938407560e+00
2.901762339109208888e+00
2.902396134369491065e+00
2.903125722024790356e+00
2.903950369967539746e+00
2.904869250255160296e+00
2.905881439753842610e+00
2.906985920843016657e+00
2.908181582174406810e+00
2.909467219478247824e+00
2.910841536407612562e+00
2.912303145409766536e+00
2.913850568610953484e+00
2.915482238697796546e+00
2.917196499774428187e+00
2.918991608169181795e+00
2.920865733157846478e+00
2.922816957561495510e+00
2.924843278165007554e+00
2.926942605886479143e+00
2.929112765606210811e+00
2.931351495534558982e+00
2.933656445957292913e+00
2.936025177140253017e+00
2.938455156094479825e+00
2.940943751787091553e+00
2.943488228213992919e+00
2.946085734499450215e+00
2.948733290808323027e+00
2.951427768272607999e+00
2.954165860214847061e+00
2.956944040470565582e+00
2.959758502164994365e+00
2.962605066137530496e+00
2.965479040899904550e+00
2.968375002719610745e+00
2.971286439255510725e+00
2.974205150382648544e+00
2.977120196373623351e+00
2.980015956797836374e+00
2.982868338334195180e+00
2.985636895412723035e+00
2.988247513981085568e+00
2.990553870583118723e+00
2.992265853242319196e+00
2.992928932188134716e+00
3.007071067811865284e+00
3.007734146757680804e+00
3.009446129416881277e+00
3.011752486018914432e+00
3.014363104587276965e+00
3.017131661665804820e+00
3.019984043202163626e+00
3.022879803626376649e+00
3.025794849617351456e+00
3.028713560744489275e+00
3.031624997280389699e+00
3.034520959100095006e+00
3.037394933862469504e+00
3.040241497835005635e+00
3.043055959529434418e+00
3.045834139785152939e+00
3.048572231727392445e+00
3.051266709191676973e+00
3.053914265500549785e+00
3.056511771786007081e+00
3.059056248212908447e+00
3.061544843905520175e+00
3.063974822859746983e+00
3.066343554042707087e+00
3.068648504465441018e+00
3.070887234393789189e+00
3.073057394113520857e+00
3.075156721834992446e+00
3.077183042438504490e+00
3.079134266842153522e+00
3.081008391830818205e+00
3.082803500225571813e+00
3.084517761302203454e+00
3.086149431389046516e+00
3.087696854590233464e+00
3.089158463592387438e+00
3.090532780521752176e+00
3.091818417825593190e+00
3.093014079156983343e+00
3.094118560246157390e+00
3.095130749744839704e+00
3.096049630032460698e+00
3.096874277975209644e+00
3.097603865630508935e+00
3.098237660890791112e+00
3.098775028061592440e+00
3.099215428369860525e+00
3.099558420399156855e+00
3.099803660449101272e+00
3.099950902816986265e+00
3.100000000000000089e+00
3.099950902816986265e+00
3.099803660449101272e+00
3.099558420399156855e+00
3.099215428369860525e+00
3.098775028061592440e+00
3.098237660890791112e+00
3.097603865630508935e+00
3.096874277975209644e+00
3.096049630032460698e+00
3.095130749744839704e+00
3.094118560246157390e+00
3.093014079156983343e+00
3.091818417825593190e+00
3.090532780521752176e+00
3.089158463592387438e+00
3.087696854590233464e+00
3.086149431389046516e+00
3.084517761302203454e+00
3.082803500225571813e+00
3.081008391830818205e+00
3.079134266842153522e+00
3.077183042438504490e+00
3.075156721834992446e+00
3.073057394113520857e+00
3.070887234393789189e+00
3.068648504465441018e+00
3.066343554042707087e+00
3.063974822859746983e+00
3.061544843905520175e+00
3.059056248212908447e+00
3.056511771786007081e+00
3.053914265500549785e+00
3.051266709191676973e+00
3.048572231727392445e+00
3.045834139785152939e+00
3.043055959529434418e+00
3.040241497835005635e+00
3.037394933862469504e+00
3.034520959100095006e+00
3.031624997280389699e+00
3.028713560744489275e+00
3.025794849617351456e+00
3.022879803626376649e+00
3.019984043202163626e+00
3.017131661665804820e+00
3.014363104587276965e+00
3.011752486018914432e+00
3.009446129416881277e+00
3.007734146757680804e+00
3.007071067811865284e+00
3.021213203435596739e+00
3.023202440273043301e+00
3.028338388250644275e+00
3.035257458056742408e+00
3.043089313761831338e+00
3.051394984997414905e+00
3.059952129606491322e+00
3.068639410879129503e+00
3.077384548852054369e+00
3.086140682233467825e+00
3.094874991841168210e+00
3.103562877300285461e+00
3.112184801587408955e+00
3.120724493505017350e+00
3.129167878588302365e+00
3.137502419355459260e+00
3.145716695182176892e+00
3.153800127575030476e+00
3.161742796501648911e+00
3.169535315358020799e+00
3.177168744638724895e+00
3.184634531716560524e+00
3.191924468579241392e+00
3.199030662128121261e+00
3.205945513396322610e+00
3.212661703181367567e+00
3.219172182340563015e+00
3.225470165504977338e+00
3.231549127315513026e+00
3.237402800526460567e+00
3.243025175492454615e+00
3.248410500676715440e+00
3.253553283906610361e+00
3.258448294167139547e+00
3.263090563770699504e+00
3.267475390777161870e+00
3.271598341565256085e+00
3.275455253476780015e+00
3.279042237470949139e+00
3.282355680738472170e+00
3.285392249234520001e+00
3.288148890097381205e+00
3.290622833925629376e+00
3.292811596891526804e+00
3.294712982672372892e+00
3.296325084184777765e+00
3.297646285109581576e+00
3.298675261197470121e+00
3.299410981347304261e+00
3.299852708450958794e+00
3.299999999999999822e+00
3.299852708450958794e+00
3.299410981347304261e+00
3.298675261197470121e+00
3.297646285109581576e+00
3.296325084184777765e+00
3.294712982672372892e+00
3.292811596891526804e+00
3.290622833925629376e+00
3.288148890097381205e+00
3.285392249234520001e+00
3.282355680738472170e+00
3.279042237470949139e+00
3.275455253476780015e+00
3.271598341565256085e+00
3.267475390777161870e+00
3.263090563770699504e+00
3.258448294167139547e+00
3.253553283906610361e+00
3.248410500676715440e+00
3.243025175492454615e+00
3.237402800526460567e+00
3.231549127315513026e+00
3.225470165504977338e+00
3.219172182340563015e+00
3.212661703181367567e+00
3.205945513396322610e+00
3.199030662128121261e+00
3.191924468579241392e+00
3.184634531716560524e+00
3.177168744638724895e+00
3.169535315358020799e+00
3.161742796501648911e+00
3.153800127575030476e+00
3.145716695182176892e+00
3.137502419355459260e+00
3.129167878588302365e+00
3.120724493505017350e+00
3.112184801587408955e+00
3.103562877300285461e+00
3.094874991841168210e+00
3.086140682233467825e+00
3.077384548852054369e+00
3.068639410879129503e+00
3.059952129606491322e+00
3.051394984997414905e+00
3.043089313761831338e+00
3.035257458056742408e+00
3.028338388250644275e+00
3.023202440273043301e+00
3.021213203435596739e+00
3.035355339059327306e+00
3.038670733788404910e+00
3.047230647084407273e+00
3.058762430094571272e+00
3.071815522936385712e+00
3.085658308329024990e+00
3.099920216010819018e+00
3.114399018131882801e+00
3.128974248086757726e+00
3.143567803722446374e+00
3.158124986401947165e+00
3.172604795500475916e+00
3.186974669312347963e+00
3.201207489175028620e+00
3.215279797647171200e+00
3.229170698925765137e+00
3.242861158636961338e+00
3.256333545958384423e+00
3.269571327502748481e+00
3.282558858930034962e+00
3.295281241064541788e+00
3.307724219527600873e+00
3.319874114298735357e+00
3.331717770213534990e+00
3.343242522327204647e+00
3.354436171968945501e+00
3.365286970567605174e+00
3.375783609174961786e+00
3.385915212192522006e+00
3.395671334210767611e+00
3.405041959154091025e+00
3.414017501127859067e+00
3.422588806511017268e+00
3.430747156945232579e+00
3.438484272951166432e+00
3.445792317961936746e+00
3.452663902608760438e+00
3.459092089127966396e+00
3.465070395784915824e+00
3.470592801230786950e+00
3.475653748724199410e+00
3.480248150162302156e+00
3.484371389876049108e+00
3.488019328152544674e+00
3.491188304453955116e+00
3.493875140307962646e+00
3.496077141849303072e+00
3.497792101995783831e+00
3.499018302245506806e+00
3.499754514084931767e+00
3.500000000000000000e+00
3.499754514084931767e+00
3.499018302245506806e+00
3.497792101995783831e+00
3.496077141849303072e+00
3.493875140307962646e+00
3.491188304453955116e+00
3.488019328152544674e+00
3.484371389876049108e+00
3.480248150162302156e+00
3.475653748724199410e+00
3.470592801230786950e+00
3.465070395784915824e+00
3.459092089127966396e+00
3.452663902608760438e+00
3.445792317961936746e+00
3.438484272951166432e+00
3.430747156945232579e+00
3.422588806511017268e+00
3.414017501127859067e+00
3.405041959154091025e+00
3.395671334210767611e+00
3.385915212192522006e+00
3.375783609174961786e+00
3.365286970567605174e+00
3.354436171968945501e+00
3.343242522327204647e+00
3.331717770213534990e+00
3.319874114298735357e+00
3.307724219527600873e+00
3.295281241064541788e+00
3.282558858930034962e+00
3.269571327502748481e+00
3.256333545958384423e+00
3.242861158636961338e+00
3.229170698925765137e+00
3.215279797647171200e+00
3.201207489175028620e+00
3.186974669312347963e+00
3.172604795500475916e+00
3.158124986401947165e+00
3.143567803722446374e+00
3.128974248086757726e+00
3.114399018131882801e+00
3.099920216010819018e+00
3.085658308329024990e+00
3.071815522936385712e+00
3.058762430094571272e+00
3.047230647084407273e+00
3.038670733788404910e+00
3.035355339059327306e+00
-3.375000000000000000e+00
-3.373334641234344122e+00
-3.368340208445416373e+00
-3.360021630535395154e+00
-3.348387116936362595e+00
-3.333448149508589697e+00
-3.315219471209324364e+00
-3.293719071543272481e+00
-3.268968168809129882e+00
-3.240991189159682317e+00
-3.209815742496143098e+00
-3.175472595220510730e+00
-3.137995639872848574e+00
-3.097421861683436362e+00
-3.053791302072815128e+00
-3.007147019135741228e+00
-2.957535045148039554e+00
-2.905004341138309965e+00
-2.849606748569300851e+00
-2.791396938176645470e+00
-2.730432356015447315e+00
-2.666773166767955061e+00
-2.600482194368288980e+00
-2.531624860002800848e+00
-2.460269117547263296e+00
-2.386485386504597628e+00
-2.310346482509324506e+00
-2.231927545467324414e+00
-2.151305965401828058e+00
-2.068561306078795070e+00
-1.983775226487096477e+00
-1.897031400250941191e+00
-1.808415433054112897e+00
-1.718014778157503253e+00
-1.625918650093288287e+00
-1.532217936620970278e+00
-1.437005109032120309e+00
-1.340374130892383997e+00
-1.242420365310788144e+00
-1.143240480827858452e+00
-1.042932356015447315e+00
-9.415949828823984014e-01
-8.393283691813844261e-01
-7.362334397133311059e-01
-6.324119367268205005e-01
-5.279663195107789919e-01
-4.229996632795264833e-01
-3.176155574499852641e-01
-2.119180034114327427e-01
-1.060113118886829436e-01
-2.066591473561158583e-16
1.060113118886829436e-01
2.119180034114327427e-01
3.176155574499852641e-01
4.229996632795264833e-01
5.279663195107789919e-01
6.324119367268205005e-01
7.362334397133311059e-01
8.393283691813844261e-01
9.415949828823984014e-01
1.042932356015447315e+00
1.143240480827858452e+00
1.242420365310788144e+00
1.340374130892383997e+00
1.437005109032120309e+00
1.532217936620970278e+00
1.625918650093288287e+00
1.718014778157503253e+00
1.808415433054112897e+00
1.897031400250941191e+00
1.983775226487096477e+00
2.068561306078795070e+00
2.151305965401828058e+00
2.231927545467324414e+00
2.310346482509324506e+00
2.386485386504597628e+00
2.460269117547263296e+00
2.531624860002800848e+00
2.600482194368288980e+00
2.666773166767955061e+00
2.730432356015447315e+00
2.791396938176645470e+00
2.849606748569300851e+00
2.905004341138309965e+00
2.957535045148039554e+00
3.007147019135741228e+00
3.053791302072815128e+00
3.097421861683436362e+00
3.137995639872848574e+00
3.175472595220510730e+00
3.209815742496143098e+00
3.240991189159682317e+00
3.268968168809129882e+00
3.293719071543272481e+00
3.315219471209324364e+00
3.333448149508589697e+00
3.348387116936362595e+00
3.360021630535395154e+00
3.368340208445416373e+00
3.373334641234344122e+00
3.375000000000000000e+00
-3.375000000000000000e+00
-3.373334641234344122e+00
-3.368340208445416373e+00
-3.360021630535395154e+00
-3.348387116936362595e+00
-3.333448149508589697e+00
-3.315219471209324364e+00
-3.293719071543272481e+00
-3.268968168809129882e+00
-3.240991189159682317e+00
-3.209815742496143098e+00
-3.175472595220510730e+00
-3.137995639872848574e+00
-3.097421861683436362e+00
-3.053791302072815128e+00
-3.007147019135741228e+00
-2.957535045148039554e+00
-2.905004341138309965e+00
-2.849606748569300851e+00
-2.791396938176645470e+00
-2.730432356015447315e+00
-2.666773166767955061e+00
-2.600482194368288980e+00
-2.531624860002800848e+00
-2.460269117547263296e+00
-2.386485386504597628e+00
-2.310346482509324506e+00
-2.231927545467324414e+00
-2.151305965401828058e+00
-2.068561306078795070e+00
-1.983775226487096477e+00
-1.897031400250941191e+00
-1.808415433054112897e+00
-1.718014778157503253e+00
-1.625918650093288287e+00
-1.532217936620970278e+00
-1.437005109032120309e+00
-1.340374130892383997e+00
-1.242420365310788144e+00
-1.143240480827858452e+00
-1.042932356015447315e+00
-9.415949828823984014e-01
-8.393283691813844261e-01
-7.362334397133311059e-01
-6.324119367268205005e-01
-5.279663195107789919e-01
-4.229996632795264833e-01
-3.176155574499852641e-01
-2.119180034114327427e-01
-1.060113118886829436e-01
-2.066591473561158583e-16
1.060113118886829436e-01
2.119180034114327427e-01
3.176155574499852641e-01
4.229996632795264833e-01
5.279663195107789919e-01
6.324119367268205005e-01
7.362334397133311059e-01
8.393283691813844261e-01
9.415949828823984014e-01
1.042932356015447315e+00
1.143240480827858452e+00
1.242420365310788144e+00
1.340374130892383997e+00
1.437005109032120309e+00
1.532217936620970278e+00
1.625918650093288287e+00
1.718014778157503253e+00
1.808415433054112897e+00
1.897031400250941191e+00
1.983775226487096477e+00
2.068561306078795070e+00
2.151305965401828058e+00
2.231927545467324414e+00
2.310346482509324506e+00
2.386485386504597628e+00
2.460269117547263296e+00
2.531624860002800848e+00
2.600482194368288980e+00
2.666773166767955061e+00
2.730432356015447315e+00
2.791396938176645470e+00
2.849606748569300851e+00
2.905004341138309965e+00
2.957535045148039554e+00
3.007147019135741228e+00
3.053791302072815128e+00
3.097421861683436362e+00
3.137995639872848574e+00
3.175472595220510730e+00
3.209815742496143098e+00
3.240991189159682317e+00
3.268968168809129882e+00
3.293719071543272481e+00
3.315219471209324364e+00
3.333448149508589697e+00
3.348387116936362595e+00
3.360021630535395154e+00
3.368340208445416373e+00
3.373334641234344122e+00
3.375000000000000000e+00
-3.375000000000000000e+00
-3.373334641234344122e+00
-3.368340208445416373e+00
-3.360021630535395154e+00
-3.348387116936362595e+00
-3.333448149508589697e+00
-3.315219471209324364e+00
-3.293719071543272481e+00
-3.268968168809129882e+00
-3.240991189159682317e+00
-3.209815742496143098e+00
-3.175472595220510730e+00
-3.137995639872848574e+00
-3.097421861683436362e+00
-3.053791302072815128e+00
-3.007147019135741228e+00
-2.957535045148039554e+00
-2.905004341138309965e+00
-2.849606748569300851e+00
-2.791396938176645470e+00
-2.730432356015447315e+00
-2.666773166767955061e+00
-2.600482194368288980e+00
-2.531624860002800848e+00
-2.460269117547263296e+00
-2.386485386504597628e+00
-2.310346482509324506e+00
-2.231927545467324414e+00
-2.151305965401828058e+00
-2.068561306078795070e+00
-1.983775226487096477e+00
-1.897031400250941191e+00
-1.808415433054112897e+00
-1.718014778157503253e+00
-1.625918650093288287e+00
-1.532217936620970278e+00
-1.437005109032120309e+00
-1.340374130892383997e+00
-1.242420365310788144e+00
-1.143240480827858452e+00
-1.042932356015447315e+00
-9.415949828823984014e-01
-8.393283691813844261e-01
-7.362334397133311059e-01
-6.324119367268205005e-01
-5.279663195107789919e-01
-4.229996632795264833e-01
-3.176155574499852641e-01
-2.119180034114327427e-01
-1.060113118886829436e-01
-2.066591473561158583e-16
1.060113118886829436e-01
2.119180034114327427e-01
3.176155574499852641e-01
4.229996632795264833e-01
5.279663195107789919e-01
6.324119367268205005e-01
7.362334397133311059e-01
8.393283691813844261e-01
9.415949828823984014e-01
1.042932356015447315e+00
1.143240480827858452e+00
1.242420365310788144e+00
1.340374130892383997e+00
1.437005109032120309e+00
1.532217936620970278e+00
1.625918650093288287e+00
1.718014778157503253e+00
1.808415433054112897e+00
1.897031400250941191e+00
1.983775226487096477e+00
2.068561306078795070e+00
2.151305965401828058e+00
2.231927545467324414e+00
2.310346482509324506e+00
2.386485386504597628e+00
2.460269117547263296e+00
2.531624860002800848e+00
2.600482194368288980e+00
2.666773166767955061e+00
2.730432356015447315e+00
2.791396938176645470e+00
2.849606748569300851e+00
2.905004341138309965e+00
2.957535045148039554e+00
3.007147019135741228e+00
3.053791302072815128e+00
3.097421861683436362e+00
3.137995639872848574e+00
3.175472595220510730e+00
3.209815742496143098e+00
3.240991189159682317e+00
3.268968168809129882e+00
3.293719071543272481e+00
3.315219471209324364e+00
3.333448149508589697e+00
3.348387116936362595e+00
3.360021630535395154e+00
3.368340208445416373e+00
3.373334641234344122e+00
3.375000000000000000e+00
-3.375000000000000000e+00
-3.373334641234344122e+00
-3.368340208445416373e+00
-3.360021630535395154e+00
-3.348387116936362595e+00
-3.333448149508589697e+00
-3.315219471209324364e+00
-3.293719071543272481e+00
-3.268968168809129882e+00
-3.240991189159682317e+00
-3.209815742496143098e+00
-3.175472595220510730e+00
-3.137995639872848574e+00
-3.097421861683436362e+00
-3.053791302072815128e+00
-3.007147019135741228e+00
-2.957535045148039554e+00
-2.905004341138309965e+00
-2.849606748569300851e+00
-2.791396938176645470e+00
-2.730432356015447315e+00
-2.666773166767955061e+00
-2.600482194368288980e+00
-2.531624860002800848e+00
-2.460269117547263296e+00
-2.386485386504597628e+00
-2.310346482509324506e+00
-2.231927545467324414e+00
-2.151305965401828058e+00
-2.068561306078795070e+00
-1.983775226487096477e+00
-1.897031400250941191e+00
-1.808415433054112897e+00
-1.718014778157503253e+00
-1.625918650093288287e+00
-1.532217936620970278e+00
-1.437005109032120309e+00
-1.340374130892383997e+00
-1.242420365310788144e+00
-1.143240480827858452e+00
-1.042932356015447315e+00
-9.415949828823984014e-01
-8.393283691813844261e-01
-7.362334397133311059e-01
-6.324119367268205005e-01
-5.279663195107789919e-01
-4.229996632795264833e-01
-3.176155574499852641e-01
-2.119180034114327427e-01
-1.060113118886829436e-01
-2.066591473561158583e-16
1.060113118886829436e-01
2.119180034114327427e-01
3.176155574499852641e-01
4.229996632795264833e-01
5.279663195107789919e-01
6.324119367268205005e-01
7.362334397133311059e-01
8.393283691813844261e-01
9.415949828823984014e-01
1.042932356015447315e+00
1.143240480827858452e+00
1.242420365310788144e+00
1.340374130892383997e+00
1.437005109032120309e+00
1.532217936620970278e+00
1.625918650093288287e+00
1.718014778157503253e+00
1.808415433054112897e+00
1.897031400250941191e+00
1.983775226487096477e+00
2.068561306078795070e+00
2.151305965401828058e+00
2.231927545467324414e+00
2.310346482509324506e+00
2.386485386504597628e+00
2.460269117547263296e+00
2.531624860002800848e+00
2.600482194368288980e+00
2.666773166767955061e+00
2.730432356015447315e+00
2.791396938176645470e+00
2.849606748569300851e+00
2.905004341138309965e+00
2.957535045148039554e+00
3.007147019135741228e+00
3.053791302072815128e+00
3.097421861683436362e+00
3.137995639872848574e+00
3.175472595220510730e+00
3.209815742496143098e+00
3.240991189159682317e+00
3.268968168809129882e+00
3.293719071543272481e+00
3.315219471209324364e+00
3.333448149508589697e+00
3.348387116936362595e+00
3.360021630535395154e+00
3.368340208445416373e+00
3.373334641234344122e+00
3.375000000000000000e+00
-3.375000000000000000e+00
-3.373334641234344122e+00
-3.368340208445416373e+00
-3.360021630535395154e+00
-3.348387116936362595e+00
-3.333448149508589697e+00
-3.315219471209324364e+00
-3.293719071543272481e+00
-3.268968168809129882e+00
-3.240991189159682317e+00
-3.209815742496143098e+00
-3.175472595220510730e+00
-3.137995639872848574e+00
-3.097421861683436362e+00
-3.053791302072815128e+00
-3.007147019135741228e+00
-2.957535045148039554e+00
-2.905004341138309965e+00
-2.849606748569300851e+00
-2.791396938176645470e+00
-2.730432356015447315e+00
-2.666773166767955061e+00
-2.600482194368288980e+00
-2.531624860002800848e+00
-2.460269117547263296e+00
-2.386485386504597628e+00
-2.310346482509324506e+00
-2.231927545467324414e+00
-2.151305965401828058e+00
-2.068561306078795070e+00
-1.983775226487096477e+00
-1.897031400250941191e+00
-1.808415433054112897e+00
-1.718014778157503253e+00
-1.625918650093288287e+00
-1.532217936620970278e+00
-1.437005109032120309e+00
-1.340374130892383997e+00
-1.242420365310788144e+00
-1.143240480827858452e+00
-1.042932356015447315e+00
-9.415949828823984014e-01
-8.393283691813844261e-01
-7.362334397133311059e-01
-6.324119367268205005e-01
-5.279663195107789919e-01
-4.229996632795264833e-01
-3.176155574499852641e-01
-2.119180034114327427e-01
-1.060113118886829436e-01
-2.066591473561158583e-16
1.060113118886829436e-01
2.119180034114327427e-01
3.176155574499852641e-01
4.229996632795264833e-01
5.279663195107789919e-01
6.324119367268205005e-01
7.362334397133311059e-01
8.393283691813844261e-01
9.415949828823984014e-01
1.042932356015447315e+00
1.143240480827858452e+00
1.242420365310788144e+00
1.340374130892383997e+00
1.437005109032120309e+00
1.532217936620970278e+00
1.625918650093288287e+00
1.718014778157503253e+00
1.808415433054112897e+00
1.897031400250941191e+00
1.983775226487096477e+00
2.068561306078795070e+00
2.151305965401828058e+00
2.231927545467324414e+00
2.310346482509324506e+00
2.386485386504597628e+00
2.460269117547263296e+00
2.531624860002800848e+00
2.600482194368288980e+00
2.666773166767955061e+00
2.730432356015447315e+00
2.791396938176645470e+00
2.849606748569300851e+00
2.905004341138309965e+00
2.957535045148039554e+00
3.007147019135741228e+00
3.053791302072815128e+00
3.097421861683436362e+00
3.137995639872848574e+00
3.175472595220510730e+00
3.209815742496143098e+00
3.240991189159682317e+00
3.268968168809129882e+00
3.293719071543272481e+00
3.315219471209324364e+00
3.333448149508589697e+00
3.348387116936362595e+00
3.360021630535395154e+00
3.368340208445416373e+00
3.373334641234344122e+00
3.375000000000000000e+00
-3.375000000000000000e+00
-3.373334641234344122e+00
-3.368340208445416373e+00
-3.360021630535395154e+00
-3.348387116936362595e+00
-3.333448149508589697e+00
-3.315219471209324364e+00
-3.293719071543272481e+00
-3.268968168809129882e+00
-3.240991189159682317e+00
-3.209815742496143098e+00
-3.175472595220510730e+00
-3.137995639872848574e+00
-3.097421861683436362e+00
-3.053791302072815128e+00
-3.007147019135741228e+00
-2.957535045148039554e+00
-2.905004341138309965e+00
-2.849606748569300851e+00
-2.791396938176645470e+00
-2.730432356015447315e+00
-2.666773166767955061e+00
-2.600482194368288980e+00
-2.531624860002800848e+00
-2.460269117547263296e+00
-2.386485386504597628e+00
-2.310346482509324506e+00
-2.231927545467324414e+00
-2.151305965401828058e+00
-2.068561306078795070e+00
-1.983775226487096477e+00
-1.897031400250941191e+00
-1.808415433054112897e+00
-1.718014778157503253e+00
-1.625918650093288287e+00
-1.532217936620970278e+00
-1.437005109032120309e+00
-1.340374130892383997e+00
-1.242420365310788144e+00
-1.143240480827858452e+00
-1.042932356015447315e+00
-9.415949828823984014e-01
-8.393283691813844261e-01
-7.362334397133311059e-01
-6.324119367268205005e-01
-5.279663195107789919e-01
-4.229996632795264833e-01
-3.176155574499852641e-01
-2.119180034114327427e-01
-1.060113118886829436e-01
-2.066591473561158583e-16
1.060113118886829436e-01
2.119180034114327427e-01
3.176155574499852641e-01
4.229996632795264833e-01
5.279663195107789919e-01
6.324119367268205005e-01
7.362334397133311059e-01
8.393283691813844261e-01
9.415949828823984014e-01
1.042932356015447315e+00
1.143240480827858452e+00
1.242420365310788144e+00
1.340374130892383997e+00
1.437005109032120309e+00
1.532217936620970278e+00
1.625918650093288287e+00
1.718014778157503253e+00
1.808415433054112897e+00
1.897031400250941191e+00
1.983775226487096477e+00
2.068561306078795070e+00
2.151305965401828058e+00
2.231927545467324414e+00
2.310346482509324506e+00
2.386485386504597628e+00
2.460269117547263296e+00
2.531624860002800848e+00
2.600482194368288980e+00
2.666773166767955061e+00
2.730432356015447315e+00
2.791396938176645470e+00
2.849606748569300851e+00
2.905004341138309965e+00
2.957535045148039554e+00
3.007147019135741228e+00
3.053791302072815128e+00
3.097421861683436362e+00
3.137995639872848574e+00
3.175472595220510730e+00
3.209815742496143098e+00
3.240991189159682317e+00
3.268968168809129882e+00
3.293719071543272481e+00
3.315219471209324364e+00
3.333448149508589697e+00
3.348387116936362595e+00
3.360021630535395154e+00
3.368340208445416373e+00
3.373334641234344122e+00
3.375000000000000000e+00
0.000000000000000000e+00
0.000000000000000000e+00
0.000000000000000000e+00
0.000000000000000000e+00
0.000000000000000000e+00
0.000000000000000000e+00
0.000000000000000000e+00
0.000000000000000000e+00
0.000000000000000000e+00
0.000000000000000000e+00
0.000000000000000000e+00
0.000000000000000000e+00
0.000000000000000000e+00
0.000000000000000000e+00
0.000000000000000000e+00
0.000000000000000000e+00
0.000000000000000000e+00
0.000000000000000000e+00
0.000000000000000000e+00
0.000000000000000000e+00
0.000000000000000000e+00
0.000000000000000000e+00
0.000000000000000000e+00
0.000000000000000000e+00
0.000000000000000000e+00
0.000000000000000000e+00
0.000000000000000000e+00
0.000000000000000000e+00
0.000000000000000000e+00
0.000000000000000000e+00
0.000000000000000000e+00
0.000000000000000000e+00
0.000000000000000000e+00
0.000000000000000000e+00
0.000000000000000000e+00
0.000000000000000000e+00
0.000000000000000000e+00
0.000000000000000000e+00
0.000000000000000000e+00
0.000000000000000000e+00
0.000000000000000000e+00
0.000000000000000000e+00
0.000000000000000000e+00
0.000000000000000000e+00
0.000000000000000000e+00
0.000000000000000000e+00
0.000000000000000000e+00
0.000000000000000000e+00
0.000000000000000000e+00
0.000000000000000000e+00
0.000000000000000000e+00
0.000000000000000000e+00
0.000000000000000000e+00
0.000000000000000000e+00
0.000000000000000000e+00
0.000000000000000000e+00
0.000000000000000000e+00
0.000000000000000000e+00
0.000000000000000000e+00
0.000000000000000000e+00
0.000000000000000000e+00
0.000000000000000000e+00
0.000000000000000000e+00
0.000000000000000000e+00
0.000000000000000000e+00
0.000000000000000000e+00
0.000000000000000000e+00
0.000000000000000000e+00
0.000000000000000000e+00
0.000000000000000000e+00
0.000000000000000000e+00
0.000000000000000000e+00
0.000000000000000000e+00
0.000000000000000000e+00
0.000000000000000000e+00
0.000000000000000000e+00
0.000000000000000000e+00
0.000000000000000000e+00
0.000000000000000000e+00
0.000000000000000000e+00
0.000000000000000000e+00
0.000000000000000000e+00
0.000000000000000000e+00
0.000000000000000000e+00
0.000000000000000000e+00
0.000000000000000000e+00
0.000000000000000000e+00
0.000000000000000000e+00
0.000000000000000000e+00
0.000000000000000000e+00
0.000000000000000000e+00
0.000000000000000000e+00
0.000000000000000000e+00
0.000000000000000000e+00
0.000000000000000000e+00
0.000000000000000000e+00
0.000000000000000000e+00
0.000000000000000000e+00
0.000000000000000000e+00
0.000000000000000000e+00
0.000000000000000000e+00
0.000000000000000000e+00
0.000000000000000000e+00
0.000000000000000000e+00
0.000000000000000000e+00
0.000000000000000000e+00
0.000000000000000000e+00
0.000000000000000000e+00
0.000000000000000000e+00
0.000000000000000000e+00
0.000000000000000000e+00
0.000000000000000000e+00
0.000000000000000000e+00
0.000000000000000000e+00
0.000000000000000000e+00
0.000000000000000000e+00
0.000000000000000000e+00
0.000000000000000000e+00
0.000000000000000000e+00
0.000000000000000000e+00
0.000000000000000000e+00
0.000000000000000000e+00
0.000000000000000000e+00
0.000000000000000000e+00
0.000000000000000000e+00
0.000000000000000000e+00
0.000000000000000000e+00
0.000000000000000000e+00
0.000000000000000000e+00
0.000000000000000000e+00
0.000000000000000000e+00
0.000000000000000000e+00
0.000000000000000000e+00
0.000000000000000000e+00
0.000000000000000000e+00
0.000000000000000000e+00
0.000000000000000000e+00
0.000000000000000000e+00
0.000000000000000000e+00
0.000000000000000000e+00
0.000000000000000000e+00
0.000000000000000000e+00
0.000000000000000000e+00
0.000000000000000000e+00
0.000000000000000000e+00
0.000000000000000000e+00
0.000000000000000000e+00
0.000000000000000000e+00
0.000000000000000000e+00
0.000000000000000000e+00
0.000000000000000000e+00
0.000000000000000000e+00
0.000000000000000000e+00
0.000000000000000000e+00
0.000000000000000000e+00
0.000000000000000000e+00
0.000000000000000000e+00
0.000000000000000000e+00
0.000000000000000000e+00
0.000000000000000000e+00
0.000000000000000000e+00
0.000000000000000000e+00
0.000000000000000000e+00
0.000000000000000000e+00
0.000000000000000000e+00
0.000000000000000000e+00
0.000000000000000000e+00
0.000000000000000000e+00
0.000000000000000000e+00
0.000000000000000000e+00
0.000000000000000000e+00
0.000000000000000000e+00
0.000000000000000000e+00
0.000000000000000000e+00
0.000000000000000000e+00
0.000000000000000000e+00
0.000000000000000000e+00
0.000000000000000000e+00
0.000000000000000000e+00
0.000000000000000000e+00
0.000000000000000000e+00
0.000000000000000000e+00
0.000000000000000000e+00
0.000000000000000000e+00
0.000000000000000000e+00
0.000000000000000000e+00
0.000000000000000000e+00
0.000000000000000000e+00
0.000000000000000000e+00
0.000000000000000000e+00
0.000000000000000000e+00
0.000000000000000000e+00
0.000000000000000000e+00
0.000000000000000000e+00
0.000000000000000000e+00
0.000000000000000000e+00
0.000000000000000000e+00
0.000000000000000000e+00
0.000000000000000000e+00
0.000000000000000000e+00
0.000000000000000000e+00
0.000000000000000000e+00
0.000000000000000000e+00
0.000000000000000000e+00
0.000000000000000000e+00
0.000000000000000000e+00
0.000000000000000000e+00
0.000000000000000000e+00
0.000000000000000000e+00
0.000000000000000000e+00
0.000000000000000000e+00
0.000000000000000000e+00
0.000000000000000000e+00
0.000000000000000000e+00
0.000000000000000000e+00
0.000000000000000000e+00
0.000000000000000000e+00
0.000000000000000000e+00
0.000000000000000000e+00
0.000000000000000000e+00
0.000000000000000000e+00
0.000000000000000000e+00
0.000000000000000000e+00
0.000000000000000000e+00
0.000000000000000000e+00
0.000000000000000000e+00
0.000000000000000000e+00
0.000000000000000000e+00
0.000000000000000000e+00
0.000000000000000000e+00
0.000000000000000000e+00
0.000000000000000000e+00
0.000000000000000000e+00
0.000000000000000000e+00
0.000000000000000000e+00
0.000000000000000000e+00
0.000000000000000000e+00
0.000000000000000000e+00
0.000000000000000000e+00
0.000000000000000000e+00
0.000000000000000000e+00
0.000000000000000000e+00
0.000000000000000000e+00
0.000000000000000000e+00
0.000000000000000000e+00
0.000000000000000000e+00
0.000000000000000000e+00
0.000000000000000000e+00
0.000000000000000000e+00
0.000000000000000000e+00
0.000000000000000000e+00
0.000000000000000000e+00
0.000000000000000000e+00
0.000000000000000000e+00
0.000000000000000000e+00
0.000000000000000000e+00
0.000000000000000000e+00
0.000000000000000000e+00
0.000000000000000000e+00
0.000000000000000000e+00
0.000000000000000000e+00
0.000000000000000000e+00
0.000000000000000000e+00
0.000000000000000000e+00
0.000000000000000000e+00
0.000000000000000000e+00
0.000000000000000000e+00
0.000000000000000000e+00
0.000000000000000000e+00
0.000000000000000000e+00
0.000000000000000000e+00
0.000000000000000000e+00
0.000000000000000000e+00
0.000000000000000000e+00
0.000000000000000000e+00
0.000000000000000000e+00
0.000000000000000000e+00
0.000000000000000000e+00
0.000000000000000000e+00
0.000000000000000000e+00
0.000000000000000000e+00
0.000000000000000000e+00
0.000000000000000000e+00
0.000000000000000000e+00
0.000000000000000000e+00
0.000000000000000000e+00
0.000000000000000000e+00
0.000000000000000000e+00
0.000000000000000000e+00
0.000000000000000000e+00
0.000000000000000000e+00
0.000000000000000000e+00
0.000000000000000000e+00
0.000000000000000000e+00
0.000000000000000000e+00
0.000000000000000000e+00
0.000000000000000000e+00
0.000000000000000000e+00
0.000000000000000000e+00
0.000000000000000000e+00
0.000000000000000000e+00
0.000000000000000000e+00
0.000000000000000000e+00
0.000000000000000000e+00
0.000000000000000000e+00
0.000000000000000000e+00
0.000000000000000000e+00
0.000000000000000000e+00
0.000000000000000000e+00
0.000000000000000000e+00
0.000000000000000000e+00
0.000000000000000000e+00
0.000000000000000000e+00
0.000000000000000000e+00
0.000000000000000000e+00
0.000000000000000000e+00
0.000000000000000000e+00
0.000000000000000000e+00
0.000000000000000000e+00
0.000000000000000000e+00
0.000000000000000000e+00
0.000000000000000000e+00
0.000000000000000000e+00
0.000000000000000000e+00
0.000000000000000000e+00
0.000000000000000000e+00
0.000000000000000000e+00
0.000000000000000000e+00
0.000000000000000000e+00
0.000000000000000000e+00
0.000000000000000000e+00
0.000000000000000000e+00
0.000000000000000000e+00
0.000000000000000000e+00
0.000000000000000000e+00
0.000000000000000000e+00
0.000000000000000000e+00
0.000000000000000000e+00
0.000000000000000000e+00
0.000000000000000000e+00
0.000000000000000000e+00
0.000000000000000000e+00
0.000000000000000000e+00
0.000000000000000000e+00
0.000000000000000000e+00
0.000000000000000000e+00
0.000000000000000000e+00
0.000000000000000000e+00
0.000000000000000000e+00
0.000000000000000000e+00
0.000000000000000000e+00
0.000000000000000000e+00
0.000000000000000000e+00
0.000000000000000000e+00
0.000000000000000000e+00
0.000000000000000000e+00
0.000000000000000000e+00
0.000000000000000000e+00
0.000000000000000000e+00
0.000000000000000000e+00
0.000000000000000000e+00
0.000000000000000000e+00
0.000000000000000000e+00
0.000000000000000000e+00
0.000000000000000000e+00
0.000000000000000000e+00
0.000000000000000000e+00
0.000000000000000000e+00
0.000000000000000000e+00
0.000000000000000000e+00
0.000000000000000000e+00
0.000000000000000000e+00
0.000000000000000000e+00
0.000000000000000000e+00
0.000000000000000000e+00
0.000000000000000000e+00
0.000000000000000000e+00
0.000000000000000000e+00
0.000000000000000000e+00
0.000000000000000000e+00
0.000000000000000000e+00
0.000000000000000000e+00
0.000000000000000000e+00
0.000000000000000000e+00
0.000000000000000000e+00
0.000000000000000000e+00
0.000000000000000000e+00
0.000000000000000000e+00
0.000000000000000000e+00
0.000000000000000000e+00
0.000000000000000000e+00
0.000000000000000000e+00
0.000000000000000000e+00
0.000000000000000000e+00
0.000000000000000000e+00
0.000000000000000000e+00
0.000000000000000000e+00
0.000000000000000000e+00
0.000000000000000000e+00
0.000000000000000000e+00
0.000000000000000000e+00
0.000000000000000000e+00
0.000000000000000000e+00
0.000000000000000000e+00
0.000000000000000000e+00
0.000000000000000000e+00
0.000000000000000000e+00
0.000000000000000000e+00
0.000000000000000000e+00
0.000000000000000000e+00
0.000000000000000000e+00
0.000000000000000000e+00
0.000000000000000000e+00
0.000000000000000000e+00
0.000000000000000000e+00
0.000000000000000000e+00
0.000000000000000000e+00
0.000000000000000000e+00
0.000000000000000000e+00
0.000000000000000000e+00
0.000000000000000000e+00
0.000000000000000000e+00
0.000000000000000000e+00
0.000000000000000000e+00
0.000000000000000000e+00
0.000000000000000000e+00
0.000000000000000000e+00
0.000000000000000000e+00
0.000000000000000000e+00
0.000000000000000000e+00
0.000000000000000000e+00
0.000000000000000000e+00
0.000000000000000000e+00
0.000000000000000000e+00
0.000000000000000000e+00
0.000000000000000000e+00
0.000000000000000000e+00
0.000000000000000000e+00
0.000000000000000000e+00
0.000000000000000000e+00
0.000000000000000000e+00
0.000000000000000000e+00
0.000000000000000000e+00
0.000000000000000000e+00
0.000000000000000000e+00
0.000000000000000000e+00
0.000000000000000000e+00
0.000000000000000000e+00
0.000000000000000000e+00
0.000000000000000000e+00
0.000000000000000000e+00
0.000000000000000000e+00
0.000000000000000000e+00
0.000000000000000000e+00
0.000000000000000000e+00
0.000000000000000000e+00
0.000000000000000000e+00
0.000000000000000000e+00
0.000000000000000000e+00
0.000000000000000000e+00
0.000000000000000000e+00
0.000000000000000000e+00
0.000000000000000000e+00
0.000000000000000000e+00
0.000000000000000000e+00
0.000000000000000000e+00
0.000000000000000000e+00
0.000000000000000000e+00
0.000000000000000000e+00
0.000000000000000000e+00
0.000000000000000000e+00
0.000000000000000000e+00
0.000000000000000000e+00
0.000000000000000000e+00
0.000000000000000000e+00
0.000000000000000000e+00
0.000000000000000000e+00
0.000000000000000000e+00
0.000000000000000000e+00
0.000000000000000000e+00
0.000000000000000000e+00
0.000000000000000000e+00
0.000000000000000000e+00
0.000000000000000000e+00
0.000000000000000000e+00
0.000000000000000000e+00
0.000000000000000000e+00
0.000000000000000000e+00
0.000000000000000000e+00
0.000000000000000000e+00
0.000000000000000000e+00
0.000000000000000000e+00
0.000000000000000000e+00
0.000000000000000000e+00
0.000000000000000000e+00
0.000000000000000000e+00
0.000000000000000000e+00
0.000000000000000000e+00
0.000000000000000000e+00
0.000000000000000000e+00
0.000000000000000000e+00
0.000000000000000000e+00
0.000000000000000000e+00
0.000000000000000000e+00
0.000000000000000000e+00
0.000000000000000000e+00
0.000000000000000000e+00
0.000000000000000000e+00
0.000000000000000000e+00
0.000000000000000000e+00
0.000000000000000000e+00
0.000000000000000000e+00
0.000000000000000000e+00
0.000000000000000000e+00
0.000000000000000000e+00
0.000000000000000000e+00
0.000000000000000000e+00
0.000000000000000000e+00
0.000000000000000000e+00
0.000000000000000000e+00
0.000000000000000000e+00
0.000000000000000000e+00
0.000000000000000000e+00
0.000000000000000000e+00
0.000000000000000000e+00
0.000000000000000000e+00
0.000000000000000000e+00
0.000000000000000000e+00
0.000000000000000000e+00
0.000000000000000000e+00
0.000000000000000000e+00
0.000000000000000000e+00
0.000000000000000000e+00
0.000000000000000000e+00
0.000000000000000000e+00
0.000000000000000000e+00
0.000000000000000000e+00
0.000000000000000000e+00
0.000000000000000000e+00
0.000000000000000000e+00
0.000000000000000000e+00
0.000000000000000000e+00
0.000000000000000000e+00
0.000000000000000000e+00
0.000000000000000000e+00
0.000000000000000000e+00
0.000000000000000000e+00
0.000000000000000000e+00
0.000000000000000000e+00
0.000000000000000000e+00
0.000000000000000000e+00
0.000000000000000000e+00
0.000000000000000000e+00
0.000000000000000000e+00
0.000000000000000000e+00
0.000000000000000000e+00
0.000000000000000000e+00
0.000000000000000000e+00
0.000000000000000000e+00
0.000000000000000000e+00
0.000000000000000000e+00
0.000000000000000000e+00
0.000000000000000000e+00
0.000000000000000000e+00
0.000000000000000000e+00
0.000000000000000000e+00
0.000000000000000000e+00
0.000000000000000000e+00
0.000000000000000000e+00
0.000000000000000000e+00
0.000000000000000000e+00
0.000000000000000000e+00
0.000000000000000000e+00
0.000000000000000000e+00
0.000000000000000000e+00
0.000000000000000000e+00
0.000000000000000000e+00
0.000000000000000000e+00
0.000000000000000000e+00
0.000000000000000000e+00
0.000000000000000000e+00
0.000000000000000000e+00
0.000000000000000000e+00
0.000000000000000000e+00
0.000000000000000000e+00
0.000000000000000000e+00
0.000000000000000000e+00
0.000000000000000000e+00
0.000000000000000000e+00
0.000000000000000000e+00
0.000000000000000000e+00
0.000000000000000000e+00
0.000000000000000000e+00
0.000000000000000000e+00
0.000000000000000000e+00
0.000000000000000000e+00
0.000000000000000000e+00
0.000000000000000000e+00
0.000000000000000000e+00
0.000000000000000000e+00
0.000000000000000000e+00
0.000000000000000000e+00
0.000000000000000000e+00
0.000000000000000000e+00
0.000000000000000000e+00
0.000000000000000000e+00
