1 0
0.995643 -0.00120811
0.993805 -0.00123005
0.991967 -0.0012515
0.990128 -0.00127245
0.988289 -0.00129294
0.986449 -0.00131297
0.984609 -0.00133258
0.982768 -0.00135177
0.980927 -0.00137058
0.979085 -0.001389
0.977243 -0.00140708
0.975401 -0.00142482
0.973558 -0.00144225
0.971715 -0.00145938
0.969871 -0.00147624
0.968028 -0.00149283
0.966184 -0.00150919
0.964339 -0.00152533
0.962495 -0.00154128
0.96065 -0.00155704
0.958805 -0.00157263
0.956959 -0.00158809
0.955114 -0.00160343
0.953268 -0.00161866
0.951423 -0.0016338
0.949577 -0.00164888
0.947731 -0.00166392
0.945885 -0.00167893
0.944039 -0.00169393
0.942193 -0.00170894
0.940347 -0.00172399
0.938501 -0.00173908
0.936655 -0.00175424
0.934809 -0.0017695
0.932963 -0.00178486
0.931118 -0.00180034
0.929272 -0.00181598
0.927427 -0.00183178
0.925581 -0.00184776
0.923736 -0.00186395
0.921891 -0.00188036
0.920047 -0.00189701
0.918202 -0.00191393
0.916358 -0.00193112
0.914514 -0.00194862
0.91267 -0.00196643
0.910827 -0.00198459
0.908984 -0.0020031
0.907142 -0.00202199
0.905299 -0.00204127
0.903458 -0.00206097
0.901616 -0.00208111
0.899775 -0.0021017
0.897935 -0.00212276
0.896095 -0.00214431
0.894256 -0.00216638
0.892417 -0.00218897
0.890578 -0.00221212
0.88874 -0.00223583
0.886903 -0.00226014
0.885067 -0.00228505
0.883231 -0.00231058
0.881395 -0.00233674
0.879561 -0.0023635
0.877726 -0.00239085
0.875893 -0.00241879
0.87406 -0.0024473
0.872227 -0.00247637
0.870395 -0.00250598
0.868564 -0.00253613
0.866733 -0.00256681
0.864903 -0.002598
0.863073 -0.00262969
0.861243 -0.00266186
0.859414 -0.00269452
0.857585 -0.00272764
0.855757 -0.00276121
0.853929 -0.00279522
0.852102 -0.00282967
0.850275 -0.00286453
0.848448 -0.00289979
0.846621 -0.00293546
0.844795 -0.0029715
0.842969 -0.00300791
0.841144 -0.00304469
0.839319 -0.00308181
0.837494 -0.00311926
0.835669 -0.00315704
0.833844 -0.00319513
0.83202 -0.00323352
0.830196 -0.0032722
0.828372 -0.00331115
0.826548 -0.00335037
0.824725 -0.00338984
0.822901 -0.00342955
0.821078 -0.00346949
0.819255 -0.00350965
0.817431 -0.00355001
0.815608 -0.00359057
0.813785 -0.00363131
0.811962 -0.00367222
0.810139 -0.00371328
0.808317 -0.00375449
0.806494 -0.00379584
0.804671 -0.00383731
0.802848 -0.00387889
0.801025 -0.00392057
0.799202 -0.00396234
0.797378 -0.00400418
0.795555 -0.00404608
0.793732 -0.00408804
0.791908 -0.00413004
0.790085 -0.00417206
0.788261 -0.00421411
0.786437 -0.00425615
0.784613 -0.00429819
0.782789 -0.00434021
0.780964 -0.0043822
0.77914 -0.00442415
0.777315 -0.00446604
0.77549 -0.00450787
0.773664 -0.00454962
0.771838 -0.00459128
0.770012 -0.00463286
0.768186 -0.00467438
0.766359 -0.00471585
0.764533 -0.00475729
0.762706 -0.00479872
0.760879 -0.00484015
0.759051 -0.0048816
0.757224 -0.00492308
0.755397 -0.00496462
0.753569 -0.00500623
0.751741 -0.00504792
0.749914 -0.00508972
0.748086 -0.00513163
0.746258 -0.00517368
0.744431 -0.00521587
0.742603 -0.00525824
0.740775 -0.00530079
0.738948 -0.00534354
0.73712 -0.00538651
0.735293 -0.00542972
0.733466 -0.00547317
0.731638 -0.00551689
0.729812 -0.00556089
0.727985 -0.0056052
0.726158 -0.00564982
0.724332 -0.00569477
0.722506 -0.00574007
0.72068 -0.00578574
0.718855 -0.00583179
0.71703 -0.00587824
0.715205 -0.0059251
0.713381 -0.0059724
0.711556 -0.00602014
0.709733 -0.00606835
0.70791 -0.00611704
0.706087 -0.00616623
0.704264 -0.00621593
0.702443 -0.00626617
0.700621 -0.00631695
0.6988 -0.00636829
0.69698 -0.00642022
0.69516 -0.00647274
0.693341 -0.00652587
0.691522 -0.00657964
0.689704 -0.00663405
0.687887 -0.00668912
0.686071 -0.00674488
0.684255 -0.00680132
0.682439 -0.00685849
0.680625 -0.00691637
0.678811 -0.00697501
0.676998 -0.00703441
0.675186 -0.00709458
0.673374 -0.00715555
0.671563 -0.00721733
0.669754 -0.00727994
0.667945 -0.0073434
0.666137 -0.00740771
0.664329 -0.0074729
0.662523 -0.00753899
0.660718 -0.00760598
0.658913 -0.00767387
0.65711 -0.00774262
0.655307 -0.00781219
0.653506 -0.00788257
0.651705 -0.00795371
0.649904 -0.00802559
0.648105 -0.00809816
0.646306 -0.0081714
0.644507 -0.00824528
0.64271 -0.00831977
0.640913 -0.00839482
0.639116 -0.00847042
0.63732 -0.00854652
0.635524 -0.00862309
0.633729 -0.00870011
0.631934 -0.00877754
0.63014 -0.00885535
0.628345 -0.0089335
0.626551 -0.00901196
0.624758 -0.00909071
0.622964 -0.00916971
0.621171 -0.00924892
0.619377 -0.00932832
0.617584 -0.00940787
0.615791 -0.00948754
0.613998 -0.00956729
0.612205 -0.00964711
0.610411 -0.00972694
0.608618 -0.00980677
0.606825 -0.00988655
0.605031 -0.00996626
0.603237 -0.0100459
0.601443 -0.0101253
0.599649 -0.0102046
0.597854 -0.0102837
0.596059 -0.0103626
0.594264 -0.0104412
0.592468 -0.0105195
0.590671 -0.0105974
0.588874 -0.010675
0.587077 -0.0107522
0.585279 -0.010829
0.58348 -0.0109053
0.581681 -0.0109811
0.579881 -0.0110564
0.578081 -0.0111311
0.576279 -0.0112053
0.574477 -0.0112788
0.572674 -0.0113517
0.57087 -0.0114238
0.569065 -0.0114953
0.56726 -0.011566
0.565453 -0.0116359
0.563645 -0.011705
0.561836 -0.0117733
0.560026 -0.0118407
0.558215 -0.0119072
0.556403 -0.0119727
0.55459 -0.0120372
0.552775 -0.0121008
0.550959 -0.0121633
0.549142 -0.0122247
0.547324 -0.0122852
0.545504 -0.0123448
0.543684 -0.0124035
0.541862 -0.0124613
0.54004 -0.0125184
0.538217 -0.0125748
0.536393 -0.0126305
0.534568 -0.0126855
0.532742 -0.01274
0.530916 -0.012794
0.52909 -0.0128475
0.527263 -0.0129005
0.525436 -0.0129532
0.523608 -0.0130056
0.52178 -0.0130577
0.519952 -0.0131095
0.518124 -0.0131612
0.516295 -0.0132128
0.514467 -0.0132643
0.512639 -0.0133158
0.510811 -0.0133673
0.508983 -0.0134189
0.507156 -0.0134706
0.505329 -0.0135225
0.503502 -0.0135746
0.501676 -0.013627
0.49985 -0.0136798
0.498025 -0.0137329
0.496201 -0.0137864
0.494378 -0.0138405
0.492555 -0.013895
0.490733 -0.0139502
0.488912 -0.014006
0.487092 -0.0140624
0.485273 -0.0141196
0.483456 -0.0141776
0.48164 -0.0142364
0.479824 -0.0142961
0.478011 -0.0143568
0.476198 -0.0144184
0.474388 -0.0144811
0.472578 -0.0145448
0.470771 -0.0146097
0.468965 -0.0146758
0.467161 -0.0147431
0.465359 -0.0148117
0.463558 -0.0148816
0.46176 -0.0149529
0.459963 -0.0150257
0.458169 -0.0150999
0.456377 -0.0151757
0.454587 -0.0152531
0.4528 -0.0153321
0.451014 -0.0154128
0.449232 -0.0154952
0.447451 -0.0155795
0.445674 -0.0156655
0.443899 -0.0157535
0.442126 -0.0158434
0.440357 -0.0159353
0.43859 -0.0160292
0.436826 -0.016125
0.435064 -0.0162225
0.433305 -0.0163218
0.431548 -0.0164227
0.429793 -0.0165251
0.42804 -0.016629
0.42629 -0.0167342
0.424541 -0.0168406
0.422794 -0.0169482
0.421049 -0.0170569
0.419305 -0.0171666
0.417562 -0.0172772
0.415821 -0.0173886
0.414081 -0.0175006
0.412343 -0.0176133
0.410605 -0.0177266
0.408868 -0.0178403
0.407132 -0.0179543
0.405396 -0.0180686
0.403661 -0.0181831
0.401927 -0.0182976
0.400192 -0.0184121
0.398458 -0.0185265
0.396724 -0.0186408
0.39499 -0.0187547
0.393256 -0.0188683
0.391522 -0.0189814
0.389787 -0.019094
0.388052 -0.0192059
0.386316 -0.0193171
0.38458 -0.0194274
0.382842 -0.0195368
0.381104 -0.0196453
0.379365 -0.0197526
0.377625 -0.0198587
0.375883 -0.0199636
0.37414 -0.0200671
0.372396 -0.0201691
0.37065 -0.0202696
0.368903 -0.0203684
0.367153 -0.0204655
0.365402 -0.0205608
0.363648 -0.0206541
0.361893 -0.0207455
0.360135 -0.0208348
0.358375 -0.0209219
0.356613 -0.0210067
0.354848 -0.0210891
0.35308 -0.0211691
0.351309 -0.0212465
0.349536 -0.0213213
0.347759 -0.0213934
0.345979 -0.0214627
0.344197 -0.021529
0.34241 -0.0215924
0.340621 -0.0216526
0.338827 -0.0217097
0.33703 -0.0217635
0.33523 -0.021814
0.333425 -0.021861
0.331616 -0.0219045
0.329804 -0.0219448
0.327988 -0.0219819
0.326169 -0.0220161
0.324347 -0.0220476
0.322521 -0.0220764
0.320693 -0.0221028
0.318863 -0.0221269
0.31703 -0.0221489
0.315195 -0.0221689
0.313358 -0.0221872
0.311519 -0.022204
0.309679 -0.0222193
0.307837 -0.0222333
0.305994 -0.0222463
0.30415 -0.0222583
0.302305 -0.0222696
0.30046 -0.0222803
0.298614 -0.0222906
0.296768 -0.0223007
0.294922 -0.0223107
0.293077 -0.0223208
0.291231 -0.0223312
0.289386 -0.022342
0.287542 -0.0223534
0.285699 -0.0223656
0.283857 -0.0223788
0.282017 -0.022393
0.280178 -0.0224086
0.278341 -0.0224256
0.276505 -0.0224442
0.274672 -0.0224646
0.272841 -0.022487
0.271013 -0.0225116
0.269187 -0.0225384
0.267365 -0.0225677
0.265545 -0.0225996
0.263729 -0.0226344
0.261916 -0.0226721
0.260107 -0.022713
0.258302 -0.0227572
0.256501 -0.0228049
0.254704 -0.0228562
0.252912 -0.0229114
0.251124 -0.0229706
0.249342 -0.0230339
0.247564 -0.0231016
0.245792 -0.0231738
0.244025 -0.0232506
0.242263 -0.0233323
0.240508 -0.023419
0.238759 -0.0235109
0.237016 -0.0236081
0.235279 -0.0237109
0.233549 -0.0238193
0.231826 -0.0239336
0.230109 -0.024054
0.2284 -0.0241805
0.226699 -0.0243134
0.225005 -0.0244528
0.223319 -0.024599
0.22164 -0.0247519
0.219969 -0.0249111
0.218305 -0.0250764
0.216647 -0.0252473
0.214996 -0.0254234
0.21335 -0.0256045
0.211708 -0.0257901
0.210072 -0.0259799
0.208439 -0.0261734
0.20681 -0.0263704
0.205184 -0.0265704
0.20356 -0.0267731
0.201939 -0.0269782
0.200319 -0.0271851
0.198701 -0.0273936
0.197083 -0.0276033
0.195466 -0.0278139
0.193848 -0.0280249
0.19223 -0.0282359
0.19061 -0.0284467
0.188989 -0.0286568
0.187366 -0.028866
0.18574 -0.0290737
0.184111 -0.0292796
0.182478 -0.0294834
0.180842 -0.0296847
0.1792 -0.0298831
0.177554 -0.0300782
0.175903 -0.0302697
0.174245 -0.0304573
0.172581 -0.0306404
0.17091 -0.0308189
0.169232 -0.0309922
0.167546 -0.03116
0.165852 -0.031322
0.164149 -0.0314778
0.162436 -0.031627
0.160714 -0.0317692
0.158982 -0.0319042
0.157239 -0.0320314
0.155485 -0.0321505
0.153719 -0.0322612
0.151941 -0.0323631
0.15015 -0.0324558
0.148347 -0.0325389
0.146529 -0.0326121
0.144698 -0.0326751
0.142852 -0.0327273
0.140992 -0.0327685
0.139116 -0.0327983
0.137224 -0.0328164
0.135315 -0.0328223
0.13339 -0.0328156
0.131447 -0.0327961
0.129487 -0.0327633
0.127508 -0.0327169
0.12551 -0.0326565
0.123494 -0.0325817
0.121457 -0.0324922
0.1194 -0.0323876
0.117323 -0.0322674
0.115225 -0.0321316
0.113108 -0.0319799
0.110973 -0.0318124
0.108822 -0.0316292
0.106658 -0.0314303
0.104481 -0.0312157
0.102294 -0.0309854
0.100098 -0.0307394
0.0978953 -0.0304778
0.095687 -0.0302006
0.093475 -0.0299077
0.0912612 -0.0295993
0.0890472 -0.0292754
0.0868348 -0.0289359
0.0846257 -0.0285809
0.0824217 -0.0282104
0.0802244 -0.0278245
0.0780357 -0.027423
0.0758572 -0.0270062
0.0736906 -0.026574
0.0715378 -0.0261264
0.0694003 -0.0256634
0.0672801 -0.0251851
0.0651787 -0.0246915
0.063098 -0.0241825
0.0610395 -0.0236583
0.0590052 -0.0231189
0.0569967 -0.0225642
0.0550157 -0.0219943
0.053064 -0.0214092
0.0511433 -0.020809
0.0492553 -0.0201936
0.0474018 -0.0195631
0.0455845 -0.0189174
0.0438051 -0.0182567
0.0420653 -0.017581
0.0403669 -0.0168902
0.0387116 -0.0161843
0.0371012 -0.0154635
0.0355374 -0.0147277
0.0340218 -0.013977
0.0325563 -0.0132113
0.0311425 -0.0124307
0.0297822 -0.0116352
0.0284772 -0.0108249
0.0272291 -0.00999972
0.0260397 -0.00915971
0.0249107 -0.0083049
0.0238438 -0.00743531
0.0228408 -0.00655095
0.0219035 -0.00565187
0.0210334 -0.00473806
0.0202324 -0.00380956
0.0195023 -0.00286638
0.0188446 -0.00190856
0.0182612 -0.000936102
0.0177538 5.09639e-05
0.017324 0.00105262
0.0169738 0.00206884
0.0167047 0.0030996
0.0165185 0.00414489
0.0164164 0.00520457
0.0163973 0.00627811
0.0164597 0.00736486
0.0166019 0.00846417
0.0168223 0.0095754
0.0171193 0.0106979
0.0174913 0.011831
0.0179368 0.0129741
0.018454 0.0141265
0.0190415 0.0152876
0.0196976 0.0164567
0.0204206 0.0176333
0.0212091 0.0188165
0.0220613 0.0200059
0.0229758 0.0212007
0.0239508 0.0224003
0.0249848 0.023604
0.0260761 0.0248113
0.0272233 0.0260214
0.0284246 0.0272338
0.0296785 0.0284477
0.0309834 0.0296625
0.0323376 0.0308776
0.0337395 0.0320923
0.0351877 0.033306
0.0366803 0.0345181
0.0382159 0.0357278
0.0397929 0.0369346
0.0414096 0.0381377
0.0430644 0.0393366
0.0447558 0.0405306
0.0464821 0.0417191
0.0482417 0.0429014
0.0500331 0.0440768
0.0518545 0.0452447
0.0537045 0.0464045
0.0555814 0.0475556
0.0574836 0.0486972
0.0594095 0.0498287
0.0613575 0.0509495
0.063326 0.0520589
0.0653134 0.0531563
0.0673181 0.0542411
0.0693385 0.0553126
0.071373 0.05637
0.0734199 0.0574129
0.0754778 0.0584406
0.0775448 0.0594523
0.0796196 0.0604476
0.0817005 0.0614256
0.0837858 0.0623858
0.0858739 0.0633275
0.0879633 0.0642501
0.0900524 0.0651529
0.0921395 0.0660352
0.0942231 0.0668966
0.0963015 0.0677362
0.0983732 0.0685534
0.100436 0.0693476
0.10249 0.0701182
0.104532 0.0708645
0.10656 0.0715859
0.108576 0.0722828
0.110579 0.0729556
0.11257 0.0736049
0.114548 0.0742311
0.116515 0.0748348
0.11847 0.0754165
0.120414 0.0759766
0.122347 0.0765158
0.124269 0.0770344
0.126181 0.077533
0.128084 0.0780122
0.129976 0.0784723
0.13186 0.078914
0.133734 0.0793377
0.1356 0.079744
0.137457 0.0801333
0.139307 0.0805061
0.141148 0.0808631
0.142983 0.0812046
0.14481 0.0815311
0.14663 0.0818433
0.148444 0.0821416
0.150252 0.0824265
0.152054 0.0826985
0.15385 0.0829581
0.155642 0.0832058
0.157428 0.0834422
0.15921 0.0836677
0.160987 0.0838829
0.162761 0.0840883
0.164531 0.0842843
0.166297 0.0844715
0.168061 0.0846504
0.169822 0.0848214
0.171581 0.0849852
0.173337 0.0851422
0.175092 0.0852929
0.176845 0.0854378
0.178597 0.0855775
0.180349 0.0857124
0.1821 0.085843
0.183851 0.0859699
0.185602 0.0860936
0.187353 0.0862145
0.189105 0.0863333
0.190858 0.0864503
0.192613 0.0865661
0.19437 0.0866812
0.196128 0.0867961
0.197889 0.0869114
0.199652 0.0870275
0.201419 0.0871449
0.203188 0.0872642
0.204962 0.0873858
0.206739 0.0875102
0.208521 0.0876381
0.210307 0.0877698
0.212098 0.0879059
0.213894 0.0880469
0.215695 0.0881933
0.217503 0.0883456
0.219316 0.0885036
0.221135 0.0886673
0.222959 0.0888364
0.224789 0.0890106
0.226624 0.0891897
0.228464 0.0893735
0.230308 0.0895617
0.232158 0.0897541
0.234012 0.0899505
0.235871 0.0901506
0.237734 0.0903543
0.239601 0.0905612
0.241472 0.0907711
0.243347 0.0909839
0.245226 0.0911992
0.247109 0.0914168
0.248995 0.0916366
0.250884 0.0918582
0.252776 0.0920814
0.254672 0.0923061
0.25657 0.0925319
0.258471 0.0927586
0.260375 0.0929861
0.262281 0.093214
0.26419 0.0934422
0.266101 0.0936703
0.268013 0.0938982
0.269928 0.0941257
0.271844 0.0943524
0.273762 0.0945782
0.275682 0.0948029
0.277602 0.0950261
0.279524 0.0952477
0.281447 0.0954674
0.283371 0.095685
0.285295 0.0959003
0.28722 0.096113
0.289146 0.0963229
0.291072 0.0965298
0.292998 0.0967334
0.294924 0.0969335
0.296849 0.0971299
0.298775 0.0973222
0.3007 0.0975104
0.302625 0.0976942
0.304549 0.0978732
0.306472 0.0980474
0.308394 0.0982164
0.310315 0.09838
0.312234 0.0985381
0.314152 0.0986902
0.316069 0.0988364
0.317984 0.0989762
0.319897 0.0991094
0.321808 0.0992359
0.323717 0.0993554
0.325623 0.0994676
0.327528 0.0995724
0.329429 0.0996694
0.331328 0.0997585
0.333224 0.0998394
0.335117 0.0999122
0.337007 0.099977
0.338895 0.100034
0.34078 0.100083
0.342662 0.100125
0.344542 0.100159
0.346419 0.100186
0.348293 0.100206
0.350166 0.10022
0.352036 0.100226
0.353903 0.100226
0.355769 0.100219
0.357632 0.100206
0.359494 0.100187
0.361353 0.100161
0.36321 0.10013
0.365066 0.100094
0.366919 0.100051
0.368771 0.100004
0.370621 0.099951
0.37247 0.0998931
0.374317 0.0998302
0.376162 0.0997626
0.378006 0.0996904
0.379848 0.0996138
0.38169 0.0995328
0.383529 0.0994477
0.385368 0.0993586
0.387206 0.0992656
0.389042 0.099169
0.390877 0.0990688
0.392712 0.0989653
0.394545 0.0988585
0.396378 0.0987487
0.39821 0.0986359
0.400041 0.0985204
0.401871 0.0984023
0.403701 0.0982818
0.405531 0.0981589
0.407359 0.0980339
0.409188 0.0979069
0.411016 0.0977781
0.412844 0.0976476
0.414671 0.0975155
0.416499 0.0973821
0.418326 0.0972475
0.420153 0.0971118
0.42198 0.0969752
0.423808 0.0968378
0.425635 0.0966998
0.427463 0.0965614
0.429291 0.0964227
0.431119 0.0962838
0.432947 0.096145
0.434776 0.0960063
0.436606 0.095868
0.438436 0.0957301
0.440267 0.0955928
0.442098 0.0954564
0.44393 0.0953209
0.445763 0.0951864
0.447597 0.0950531
0.449432 0.0949208
0.451267 0.0947896
0.453103 0.0946592
0.45494 0.0945298
0.456777 0.0944011
0.458615 0.0942731
0.460454 0.0941459
0.462294 0.0940192
0.464134 0.093893
0.465975 0.0937674
0.467816 0.0936421
0.469657 0.0935172
0.4715 0.0933926
0.473342 0.0932681
0.475186 0.0931439
0.477029 0.0930197
0.478873 0.0928955
0.480718 0.0927712
0.482562 0.0926469
0.484407 0.0925224
0.486253 0.0923976
0.488098 0.0922725
0.489944 0.0921471
0.49179 0.0920212
0.493637 0.0918947
0.495483 0.0917678
0.49733 0.0916402
0.499177 0.0915118
0.501024 0.0913828
0.502871 0.0912528
0.504718 0.091122
0.506565 0.0909903
0.508412 0.0908575
0.510259 0.0907236
0.512106 0.0905885
0.513953 0.0904522
0.5158 0.0903147
0.517647 0.0901758
0.519493 0.0900354
0.52134 0.0898936
0.523186 0.0897502
0.525032 0.0896053
0.526878 0.0894586
0.528724 0.0893102
0.530569 0.08916
0.532414 0.0890079
0.534258 0.0888538
0.536103 0.0886978
0.537947 0.0885397
0.53979 0.0883795
0.541633 0.088217
0.543476 0.0880523
0.545318 0.0878853
0.547159 0.0877158
0.549 0.0875439
0.550841 0.0873695
0.552681 0.0871925
0.55452 0.0870128
0.556359 0.0868304
0.558197 0.0866452
0.560034 0.0864572
0.561871 0.0862664
0.563707 0.0860729
0.565542 0.0858768
0.567377 0.0856779
0.569211 0.0854765
0.571045 0.0852725
0.572878 0.085066
0.57471 0.084857
0.576542 0.0846455
0.578374 0.0844317
0.580205 0.0842155
0.582035 0.0839969
0.583865 0.083776
0.585694 0.083553
0.587523 0.0833277
0.589352 0.0831002
0.59118 0.0828706
0.593007 0.0826389
0.594835 0.0824052
0.596661 0.0821694
0.598488 0.0819317
0.600314 0.0816921
0.60214 0.0814506
0.603965 0.0812072
0.60579 0.080962
0.607615 0.0807151
0.609439 0.0804664
0.611263 0.080216
0.613087 0.079964
0.614911 0.0797104
0.616734 0.0794552
0.618557 0.0791985
0.62038 0.0789403
0.622202 0.0786806
0.624025 0.0784196
0.625847 0.0781572
0.627669 0.0778934
0.629491 0.0776283
0.631313 0.077362
0.633134 0.0770945
0.634956 0.0768258
0.636777 0.076556
0.638598 0.0762851
0.64042 0.0760132
0.642241 0.0757402
0.644062 0.0754663
0.645883 0.0751915
0.647704 0.0749157
0.649525 0.0746391
0.651346 0.0743617
0.653167 0.0740835
0.654988 0.0738046
0.656809 0.073525
0.65863 0.0732448
0.660451 0.0729639
0.662273 0.0726825
0.664094 0.0724005
0.665915 0.0721181
0.667737 0.0718352
0.669559 0.0715519
0.671381 0.0712682
0.673203 0.0709841
0.675025 0.0706995
0.676847 0.0704145
0.678669 0.0701291
0.680492 0.0698431
0.682314 0.0695566
0.684137 0.0692696
0.68596 0.068982
0.687782 0.0686938
0.689605 0.068405
0.691428 0.0681157
0.693251 0.0678256
0.695074 0.0675349
0.696896 0.0672436
0.698719 0.0669515
0.700542 0.0666587
0.702365 0.0663651
0.704188 0.0660708
0.706011 0.0657756
0.707834 0.0654797
0.709656 0.065183
0.711479 0.0648853
0.713302 0.0645869
0.715124 0.0642875
0.716947 0.0639872
0.718769 0.0636859
0.720592 0.0633837
0.722414 0.0630806
0.724236 0.0627764
0.726058 0.0624712
0.72788 0.062165
0.729702 0.0618577
0.731523 0.0615493
0.733345 0.0612398
0.735166 0.0609292
0.736987 0.0606175
0.738808 0.0603045
0.740629 0.0599904
0.74245 0.0596751
0.74427 0.0593585
0.74609 0.0590407
0.74791 0.0587217
0.74973 0.0584013
0.751549 0.0580796
0.753368 0.0577566
0.755187 0.0574322
0.757006 0.0571064
0.758824 0.0567793
0.760642 0.0564507
0.76246 0.0561207
0.764278 0.0557892
0.766095 0.0554563
0.767912 0.0551218
0.769728 0.0547858
0.771545 0.0544483
0.77336 0.0541092
0.775176 0.0537685
0.776991 0.0534262
0.778806 0.0530823
0.78062 0.0527367
0.782434 0.0523895
0.784248 0.0520406
0.786061 0.0516901
0.787874 0.051338
0.789687 0.0509842
0.791499 0.0506289
0.793311 0.050272
0.795122 0.0499135
0.796934 0.0495535
0.798744 0.049192
0.800555 0.048829
0.802365 0.0484644
0.804175 0.0480984
0.805985 0.0477309
0.807794 0.047362
0.809603 0.0469916
0.811411 0.0466198
0.81322 0.0462466
0.815028 0.045872
0.816835 0.045496
0.818643 0.0451187
0.82045 0.04474
0.822257 0.04436
0.824064 0.0439786
0.82587 0.043596
0.827676 0.0432121
0.829482 0.0428269
0.831288 0.0424404
0.833093 0.0420527
0.834899 0.0416638
0.836704 0.0412737
0.838508 0.0408824
0.840313 0.0404899
0.842117 0.0400962
0.843921 0.0397013
0.845725 0.0393054
0.847529 0.0389083
0.849333 0.0385101
0.851136 0.0381108
0.852939 0.0377105
0.854742 0.0373091
0.856545 0.0369066
0.858348 0.0365031
0.86015 0.0360986
0.861952 0.0356931
0.863755 0.0352866
0.865557 0.0348791
0.867359 0.0344707
0.86916 0.0340613
0.870962 0.033651
0.872764 0.0332398
0.874565 0.0328277
0.876366 0.0324148
0.878168 0.0320009
0.879969 0.0315862
0.88177 0.0311707
0.883571 0.0307544
0.885371 0.0303372
0.887172 0.0299193
0.888973 0.0295006
0.890773 0.0290811
0.892574 0.0286609
0.894374 0.0282399
0.896175 0.0278181
0.897975 0.0273954
0.899775 0.026972
0.901575 0.0265476
0.903375 0.0261224
0.905175 0.0256962
0.906975 0.0252691
0.908774 0.024841
0.910573 0.0244119
0.912373 0.0239818
0.914172 0.0235506
0.91597 0.0231184
0.917769 0.0226851
0.919567 0.0222506
0.921366 0.021815
0.923164 0.0213782
0.924961 0.0209403
0.926759 0.0205011
0.928556 0.0200606
0.930353 0.0196189
0.932149 0.0191759
0.933946 0.0187315
0.935742 0.0182858
0.937538 0.0178388
0.939333 0.0173903
0.941128 0.0169404
0.942923 0.0164891
0.944717 0.0160363
0.946512 0.015582
0.948305 0.0151262
0.950099 0.0146688
0.951892 0.0142099
0.953684 0.0137493
0.955476 0.0132872
0.957268 0.0128234
0.95906 0.0123579
0.96085 0.0118907
0.962641 0.0114218
0.964431 0.0109512
0.966221 0.0104788
0.96801 0.0100045
0.969798 0.00952851
0.971587 0.00905063
0.973374 0.00857088
0.975161 0.00808922
0.976948 0.00760565
0.978734 0.00712013
0.98052 0.00663264
0.982305 0.00614315
0.984089 0.00565164
0.985873 0.00515809
0.987656 0.00466246
0.989439 0.00416474
0.991221 0.00366489
0.993003 0.0031629
0.994784 0.00265874
0.996564 0.00215238
1 0
