3 11
5.113200441457770751e+00
4.985301308233784923e+00
4.614123566847450952e+00
4.036000680773057070e+00
3.307523346118565577e+00
2.500000000000000000e+00
3.307523346118565577e+00
4.036000680773057070e+00
4.614123566847450952e+00
4.985301308233784923e+00
5.113200441457770751e+00
5.363200441457770751e+00
5.247537179159996512e+00
4.911869318253714312e+00
4.389054367699939618e+00
3.730269097524828936e+00
3.000000000000000000e+00
3.730269097524828936e+00
4.389054367699939618e+00
4.911869318253714312e+00
5.247537179159996512e+00
5.363200441457770751e+00
5.613200441457770751e+00
5.509773050086208102e+00
5.209615069659977671e+00
4.742108054626820390e+00
4.153014848931092295e+00
3.500000000000000000e+00
4.153014848931092295e+00
4.742108054626820390e+00
5.209615069659977671e+00
5.509773050086208102e+00
5.613200441457770751e+00
-3.375000000000000000e+00
-3.209815742496143098e+00
-2.730432356015447315e+00
-1.983775226487096477e+00
-1.042932356015447315e+00
-2.066591473561158583e-16
1.042932356015447315e+00
1.983775226487096477e+00
2.730432356015447315e+00
3.209815742496143098e+00
3.375000000000000000e+00
-3.375000000000000000e+00
-3.209815742496143098e+00
-2.730432356015447315e+00
-1.983775226487096477e+00
-1.042932356015447315e+00
-2.066591473561158583e-16
1.042932356015447315e+00
1.983775226487096477e+00
2.730432356015447315e+00
3.209815742496143098e+00
3.375000000000000000e+00
-3.375000000000000000e+00
-3.209815742496143098e+00
-2.730432356015447315e+00
-1.983775226487096477e+00
-1.042932356015447315e+00
-2.066591473561158583e-16
1.042932356015447315e+00
1.983775226487096477e+00
2.730432356015447315e+00
3.209815742496143098e+00
3.375000000000000000e+00
2.176893312077544385e-01
1.958361056066071082e-01
1.389777817755937228e-01
6.979399074056047425e-02
1.608018049306906769e-02
0.000000000000000000e+00
1.608018049306906769e-02
6.979399074056047425e-02
1.389777817755937228e-01
1.958361056066071082e-01
2.176893312077544385e-01
2.395614970892354367e-01
2.176505709989547399e-01
1.600336421042600765e-01
8.791940447052222496e-02
2.748305329555745732e-02
-0.000000000000000000e+00
2.748305329555745732e-02
8.791940447052222496e-02
1.600336421042600765e-01
2.176505709989547399e-01
2.395614970892354367e-01
2.614336629707164628e-01
2.394650363913023439e-01
1.810895024329264580e-01
1.060448182004839757e-01
3.888592609804585737e-02
-0.000000000000000000e+00
3.888592609804585737e-02
1.060448182004839757e-01
1.810895024329264580e-01
2.394650363913023439e-01
2.614336629707164628e-01
