2 6
1.000000000000000000e+01
1.003862712429686788e+01
1.007347315653655961e+01
1.010112712429686788e+01
1.011888206453689421e+01
1.012500000000000000e+01
1.050000000000000000e+01
1.046137287570313212e+01
1.042652684346344039e+01
1.039887287570313212e+01
1.038111793546310579e+01
1.037500000000000000e+01
0.000000000000000000e+00
0.000000000000000000e+00
0.000000000000000000e+00
0.000000000000000000e+00
0.000000000000000000e+00
0.000000000000000000e+00
-0.000000000000000000e+00
0.000000000000000000e+00
0.000000000000000000e+00
0.000000000000000000e+00
0.000000000000000000e+00
0.000000000000000000e+00
-6.123233995736766036e-17
3.090169943749473402e-01
5.877852522924730261e-01
8.090169943749473402e-01
9.510565162951535312e-01
1.000000000000000000e+00
-6.123233995736766036e-17
3.090169943749473402e-01
5.877852522924730261e-01
8.090169943749473402e-01
9.510565162951535312e-01
1.000000000000000000e+00
